0:0,0,0,0,0,0,0,0,0
1:0.7067264226306746,21.868492933484898,0.94002155327378,0.772754435653762,0.7218766473337515,1.0592950603879419,0.7897471388454043,0.8730574863700261,0.6740897272305563
2:0,0,0,0,0,0,0,0,0
3:0,0,0,0,0,0,0,0,0
4:1.1867481182822797,1.2589269084569927,1.323648772122962,22.359423855333464,1.1654622205304144,0.11662111581963068,1.1916513769416013,1.7156712602502784,0.49583504437214587
5:22.717473172494433,3.2225074759732326,0.6509620648699252,2.4454489416762155,3.7898817285823867,1.794547972195904,3.9849752491284915,1.671186407735846,4.016584949405848
6:0.6852794680957942,21.44197691309572,0.6061866543590179,-1.2507909524278922,0.6817324621907116,-0.9879183109260707,-1.5435468652775324,-1.4434294478358236,-1.0405292020091736
7:0,0,0,0,0,0,0,0,0
8:-0.06927486014212575,-0.031936887714000384,-0.06624264545480621,0.5302584632496826,-0.055402522162981006,-0.07607459815612469,13.951622805293525,0.05612830258492845,-0.07579726596229726
9:1.8307390837564748,0.20937874747793822,0.88068591314096,21.52413640155278,0.9086724020229192,-0.23214077930823132,0.9453371992177271,0.7806379610647713,0.856327398421141
10:0,0,0,0,0,0,0,0,0
11:8.937773965411512,-0.6104792161221864,-0.5764047869170629,-0.8103354230386517,-0.5731345855800971,-0.5623569733697779,-0.5315190917479183,-0.5601969817191262,-0.6430009516623452
12:0,0,0,0,0,0,0,0,0
13:-0.3358257192780739,-1.5002057400409468,-1.9068355734095745,19.340378742597935,-0.37086388473932513,-1.343721105762357,-0.4534449986235008,-0.5071814021183022,-0.3582773808159074
14:0,0,0,0,0,0,0,0,0
15:0,0,0,0,0,0,0,0,0
16:0,0,0,0,0,0,0,0,0
17:-1.5297204859656715,-1.9719021536864823,-2.2450466757990837,15.762004481516232,-1.5572414631198013,-1.9409130953762441,-1.5457563034116997,-1.6478108641232367,-1.5527727457500717
18:0,0,0,0,0,0,0,0,0
19:0,0,0,0,0,0,0,0,0
20:0,0,0,0,0,0,0,0,0
21:0,0,0,0,0,0,0,0,0
22:-1.3833339817354997,-1.3835899581760653,-1.3854104543768475,1.7555863826613303,-1.3885950386649066,-1.3847431118527802,-1.3656776721931845,-1.3770709303893902,-1.3821397480116682
23:0,0,0,0,0,0,0,0,0
24:0.773185993343079,0.7698643360774398,0.7440105422369329,0.6494614892940859,0.7824669129399999,1.0606208513371436,0.7179094146955959,21.927952239552543,1.0673290497981194
25:0,0,0,0,0,0,0,0,0
26:0,0,0,0,0,0,0,0,0
27:0,0,0,0,0,0,0,0,0
28:1.9446871200398264,1.9048940193395667,1.9462050140952925,1.6377139889912729,2.135376410499921,0.3453429335532296,22.574933609625987,2.3264405049969183,0.9239177962319756
29:2.1104565761263303,2.6659046267146045,0.4565058471900005,22.67045575489445,3.242138385161914,1.1260644970836937,3.278161403462178,0.2413223594650674,3.2663067096710536
30:0,0,0,0,0,0,0,0,0
31:0,0,0,0,0,0,0,0,0
32:-0.07590691775108446,-0.07354441679465187,-0.0621706646490461,0.5456695001734498,-0.06472595859705119,-0.052669871374013966,13.221303028181817,0.07331895102811567,-0.077374699363239
33:21.309925920595436,0.1937843423767503,0.7208749176360756,2.5890764597182514,0.7437288716192361,-0.27216859687776024,0.7351280339030382,0.7670720937062148,0.7704989556494622
34:-1.033860754038602,-1.0330024294405826,-1.039966640331328,12.986937044261907,-1.0101772270416616,-1.402062248072922,-1.2977807397358936,-1.2882402770462325,-1.0353075748063663
35:0,0,0,0,0,0,0,0,0
36:0,0,0,0,0,0,0,0,0
37:-0.463519067404879,-1.5882492105589165,-1.9402056380358983,19.176120179450166,-0.4438835930721923,-1.322200028811776,-0.39608190015610467,-0.41101726356563023,-0.42400982952890115
38:0,0,0,0,0,0,0,0,0
39:0,0,0,0,0,0,0,0,0
40:0,0,0,0,0,0,0,0,0
41:-1.4722153686882526,-1.7218118048290292,-2.019770871756038,15.56873699020573,-1.5375921612040426,-1.7488165352036553,-1.5208131444583948,-1.6963096102789426,-1.5633479058801807
42:0,0,0,0,0,0,0,0,0
43:3.1282719273534427,-1.203124360404287,-1.295518633407235,-1.194029633251201,-1.209531531055248,-1.2614733181049154,-1.2222888428070815,-1.212849992768296,-1.2165150823672746
44:0,0,0,0,0,0,0,0,0
45:2.1466923296289147,-1.3653616118722105,-1.3663567365112481,-1.3611253759782524,-1.3658749769528247,-1.3643546169543599,-1.373196277648839,-1.3699704994148931,-1.3727128623205045
46:0,0,0,0,0,0,0,0,0
47:1.7636578146329982,-1.3224533171931314,-1.3368510536727625,-1.313982371972853,-1.334535763077513,-1.326328007120583,-1.3274011905898895,-1.3251546681423152,-1.3303002686666199
48:0,0,0,0,0,0,0,0,0
49:0,0,0,0,0,0,0,0,0
50:0,0,0,0,0,0,0,0,0
51:0.700886324707219,21.779348146370634,1.1485671813612492,0.7559523715776185,0.7125135888557097,0.8453678023181476,0.684353933860807,0.7354510353048975,0.8503988396954878
52:0,0,0,0,0,0,0,0,0
53:0,0,0,0,0,0,0,0,0
54:3.516271686091543,-0.006844134618349613,3.4614525165195382,22.71842351564174,3.491668940804431,1.678875940254159,2.4384046716814956,2.8451466427074252,0.4447413566549241
55:22.369661392692933,1.8269871636502875,0.6098754766025222,1.2316585952641594,1.2663141615317528,0.16477633821462018,1.2765269142627798,1.2268429684487026,1.2862871148371668
56:0,0,0,0,0,0,0,0,0
57:-0.9653773245729518,-0.9145246465347062,-0.8744187110815894,9.239467834002802,-0.8549599680276302,-1.1125869474829284,-0.8601606743416911,-0.8433532338136197,-0.8537380360293259
58:1.364133596352051,1.2455226258090857,1.4115858925019442,21.54399437086587,1.3052746457045104,0.09609710865548854,2.43744488436062,0.37568436909743896,1.29721265804488
59:13.484923241790105,0.1210949474790176,-0.07483082839940544,0.6600145041941465,-0.04027836980024792,-0.0448411180008421,-0.0676473013899122,-0.04954423940860797,-0.08451253990093549
60:0,0,0,0,0,0,0,0,0
61:0,0,0,0,0,0,0,0,0
62:-0.006780221664637369,-0.015866827926699432,-0.05986223724982637,19.52668982925509,-0.16897312912694518,-1.496342117239453,-0.021798647445425055,-1.5762567153860094,-2.1819436682206694
63:0,0,0,0,0,0,0,0,0
64:-1.3913098334474907,-1.3932699666990773,-1.3924113014153796,-1.372092595986678,-1.3886007116186654,-1.401605470971651,3.251646120632963,-1.3648353035446033,-1.3934202135643352
65:0,0,0,0,0,0,0,0,0
66:-1.5946984191900087,-1.7078466497606666,-1.638802147817337,16.485147266613318,-1.5814140309671723,-2.2580863902304458,-1.5828658785113234,-1.906847072426317,-2.7939661399984903
67:0,0,0,0,0,0,0,0,0
68:-1.4620541125014186,-1.4558199020689393,-1.4637878472394166,-1.4467331519314004,-1.473599916894333,-1.4705556358548355,2.263414333105313,-1.4526576738038464,-1.4538670034294745
69:0,0,0,0,0,0,0,0,0
70:-1.441545314976134,-1.4353182025883529,-1.4381315732045872,3.794924020792463,-1.436029806068601,-1.4330229518904039,-1.419224851827102,-1.4310246026322844,-1.4397001820995343
71:0,0,0,0,0,0,0,0,0
72:0,0,0,0,0,0,0,0,0
73:0,0,0,0,0,0,0,0,0
74:0.7533159332716607,0.7125221486401487,0.8053846125643169,0.5787320700299106,0.5793409059701884,1.067437649468751,0.8857878534958481,21.806997809668626,0.8650959747053505
75:0,0,0,0,0,0,0,0,0
76:0,0,0,0,0,0,0,0,0
77:-1.1277101534977823,-0.9630498204240908,-0.7024840712679464,-0.8744077500965002,-0.11857485502692246,-0.8054259312629912,-0.014197876766109004,20.238409189120677,-0.03676201154580317
78:2.4138798950542966,0.31663579143142917,2.445427439546915,1.5821371366384154,2.496600450661807,1.0391109938467689,22.527404642768886,1.9990438370100072,0.22995928061272672
79:1.7428896504139102,2.595000136480967,1.1479863368692864,22.61883926654294,2.664008488066427,0.38616196340124764,2.3330215281832234,2.2797911699167344,2.2445524204927545
80:-0.45373150353471153,-0.46620801284495766,-0.420693200975307,-0.635084733631719,-0.47219942643493085,-0.49132136006652255,7.092216571607415,-0.45654454351991847,-0.45520668059006963
81:0,0,0,0,0,0,0,0,0
82:1.417473615397178,1.2915111399526051,1.28603542565008,3.0158295909242523,1.341155346025808,0.1228435597132489,21.398256811570395,0.3793104499823591,1.3067295143192135
83:13.382247555608695,0.11535150273331606,-0.07327941354085271,0.6529634250857284,-0.040017739197923535,-0.08643352177596687,-0.05059332531734017,-0.08894968364498519,-0.052818091420586584
84:0,0,0,0,0,0,0,0,0
85:0,0,0,0,0,0,0,0,0
86:-0.03367275098724107,-0.10458554192788706,-0.14514157079222553,19.442540682797837,-0.06185768769269025,-1.5000987932943353,-0.13193053693607976,-1.6032918657823594,-2.074848491890433
87:0,0,0,0,0,0,0,0,0
88:0,0,0,0,0,0,0,0,0
89:0,0,0,0,0,0,0,0,0
90:-1.6641991489582542,-1.8705599262622228,-1.696674402380437,16.421597924118977,-1.6695598213118317,-2.5267983230221023,-1.5645338656732592,-2.1840062361326336,-2.8687312640211347
91:0,0,0,0,0,0,0,0,0
92:0,0,0,0,0,0,0,0,0
93:-1.5129244180796098,-1.525415134178775,-1.533229488032119,2.357593263137523,-1.5308041936441854,-1.5383096698791503,-1.538391669478382,-1.5328755766204478,-1.553588847080447
94:0,0,0,0,0,0,0,0,0
95:0,0,0,0,0,0,0,0,0
96:0.7058534649012997,0.5899148458053949,0.5101138093759812,0.4701906215905495,0.6039034766181566,21.44587030553004,0.5095902435195977,0.5039221564774854,0.9560902897333904
97:0.6927993718538883,0.6466287422507945,21.34556092682747,0.5887309239799174,0.6329677171474922,1.0053344326837117,0.6949018428493314,0.3570291847631255,0.6852464944627561
98:0,0,0,0,0,0,0,0,0
99:0,0,0,0,0,0,0,0,0
100:0,0,0,0,0,0,0,0,0
101:1.5886804719842316,22.256002728395003,1.6193863095894105,1.5568365053520592,2.8068884358015085,2.272905955799539,2.936842209064396,0.9252234201211799,2.5406859771966928
102:0.35941226303423623,21.27636291335191,0.3631916826171808,-1.1076662138909399,0.3830877326102076,-0.9672957141676053,-1.4480985005657503,-1.1331086737186824,-1.2717758290379328
103:-0.6821008568945144,8.16369215454254,-0.571760514304765,-0.7496053246796123,-0.6825182980153249,-0.7867461161053,-0.5585880623092488,-0.6362698282605671,-0.6840531902965545
104:0.5790908725934626,0.48272987121658073,0.5323924679223243,21.126503298340392,0.5552011574726747,0.6818273243612926,1.0068708202639511,0.8555014325323388,0.5557073542498754
105:22.229900105180757,1.2960255069622812,1.933140131414789,2.312354674899125,1.7872400748762671,0.2845483070429026,2.0604241877504283,1.9543219878078566,1.8625290054653747
106:0,0,0,0,0,0,0,0,0
107:0,0,0,0,0,0,0,0,0
108:0,0,0,0,0,0,0,0,0
109:0.02356152861709164,-1.1116590775471469,-1.3528729017641048,20.404392799607557,0.017266384972179184,-1.0733689235847304,0.035088063953020915,-0.020901665152057155,0.11404385413566448
110:0,0,0,0,0,0,0,0,0
111:0,0,0,0,0,0,0,0,0
112:0,0,0,0,0,0,0,0,0
113:0,0,0,0,0,0,0,0,0
114:0,0,0,0,0,0,0,0,0
115:0,0,0,0,0,0,0,0,0
116:0,0,0,0,0,0,0,0,0
117:0,0,0,0,0,0,0,0,0
118:-1.2128712442817846,-1.2207554443210027,-1.2064780240938144,2.0667437963475255,-1.2162866401951604,-1.2195120875057965,-1.1995143495348086,-1.2099119097751163,-1.2202004519077363
119:0,0,0,0,0,0,0,0,0
120:0.4754013054233786,0.5934471893053166,0.5331060407544237,0.4903830365877156,0.4452308535515145,0.7176730061647411,0.470141074465724,0.5846215969773308,21.28171347650177
121:0.5573390150591517,0.5000992358178982,0.6380999328652451,0.4337610734001175,0.5100679208592136,21.239531809162003,0.4425470371542867,0.44378377209239916,0.4249060221460673
122:0,0,0,0,0,0,0,0,0
123:-0.4327918727984439,-0.4008971149085038,9.619121621703314,-0.44578297453422844,-0.4816442326252635,-0.3961964915504214,-0.38785367977405727,-0.41206689401168184,-0.4254664986529201
124:1.0792326970772963,0.9693510229183455,0.9538533380997075,0.6816300372147277,1.062542486094113,0.680373712966175,0.6258994642889824,21.791308338640057,0.8540668926480762
125:0,0,0,0,0,0,0,0,0
126:1.564338889898879,22.016595039055773,1.5049055276064955,-0.7961078943131312,1.682289218091354,-0.5217071643731878,-0.9254577277371767,-0.7668660021869576,-0.6970384142350523
127:-0.5187107569067005,10.0842802581047,-0.39274814615607684,-0.4758180082440088,-0.4678642327276627,-0.43667512802708697,-0.5065041982022538,-0.4660092248289483,-0.5014181780411795
128:0.5789663947072172,0.610786269115114,0.6433432568614498,0.6859195890156824,0.5165699891091944,0.5725526428175957,21.0589267775074,0.7384890628415428,0.5428099749498896
129:1.7393574715594928,1.2869397985128435,1.6304031989886865,21.961256675621552,1.3604730759150416,0.13279875463076427,1.265095972534649,1.6145106157253744,1.4760996432809095
130:0,0,0,0,0,0,0,0,0
131:9.815472941976696,-0.4180966997875107,-0.45902672849724013,-0.4611402347737515,-0.5332502627967853,-0.5022779465202432,-0.49908133119750303,-0.47396970053229587,-0.44917404436481156
132:0,0,0,0,0,0,0,0,0
133:-0.0020789212436128747,-1.1841871792094762,-1.432686211749559,19.558543513355534,-0.02197965612492089,-1.0580537957646599,0.08885621114573672,0.010915146589893173,0.04367199863468163
134:0,0,0,0,0,0,0,0,0
135:0,0,0,0,0,0,0,0,0
136:0,0,0,0,0,0,0,0,0
137:-1.2846240570013805,-1.6005972397372494,-1.7502462720296106,15.983192435308155,-1.0236594602593077,-1.6290338356770186,-1.082494459484115,-1.3616589188669561,-1.0336360320481819
138:0,0,0,0,0,0,0,0,0
139:0,0,0,0,0,0,0,0,0
140:-1.0656998041519243,-1.0618866151533066,-1.0729454490596502,-1.0503000680535028,-1.0568460519339613,-1.0633126809745084,3.910837891895001,-1.0602413885232875,-1.0594329163311291
141:-1.0515215104075535,-1.061216431519363,-1.0617352382720113,3.7911659611300728,-1.0602388781079504,-1.0577399683302786,-1.0596266340929141,-1.0639733820765542,-1.0595757709926752
142:0,0,0,0,0,0,0,0,0
143:0,0,0,0,0,0,0,0,0
144:-0.3872781885896731,-0.45806359044315614,-0.38704239492081516,-0.36501123900977883,-0.37144870513935063,-0.33195302390998194,-0.42563046144188715,-0.4182661733442309,8.018818875793777
145:0,0,0,0,0,0,0,0,0
146:0.6025080002743595,0.5177545102596128,0.45818388740475674,0.4050536267710494,0.5601138253637277,21.156930696704197,0.4357406863692182,0.355236073476525,0.533939036228292
147:0.47865461284933863,0.47930237101600554,21.16089361191428,0.3204863681155571,0.38296536242322854,0.705240592841497,0.4203933752272977,0.33314083898599445,0.5514370233581726
148:-0.4384478344341006,-0.42158298166377034,-0.4633683229494344,-0.4483354167118521,-0.39766196069028625,-0.3964499363694915,-0.38027216307308975,8.355089386708588,-0.37775939876293396
149:-0.8311314535749685,-0.5617589313821462,-0.5433472302671918,-0.6854532231471173,0.6889936520409329,-0.42945728042806525,0.8411984006852289,21.860152435873985,0.9152126507710241
150:0,0,0,0,0,0,0,0,0
151:0.7218215754824481,21.86320110133175,1.0717932671002115,0.8084750577857281,1.213277316163656,0.9293703386577927,1.0999510371002683,1.130140448442284,1.00806798513613
152:-0.3689618741208054,-0.3666377931671057,-0.3918092558775,-0.434403400761733,-0.45050421614343944,-0.33841775369425836,8.341017937507255,-0.35255403615990477,-0.4028447548797263
153:0,0,0,0,0,0,0,0,0
154:2.0293025787558383,2.1292840588460478,2.1526519525076835,22.098112644605376,2.0472353649183876,0.6581341511428697,1.9803425270195874,1.3955489684637237,2.2476830297614065
155:20.979288660046837,0.7892223525675751,0.4667233805823279,0.7911021072723307,0.5893847138838088,0.5684091464080087,0.5398333323526081,0.6349703806538773,0.5418347060256472
156:0,0,0,0,0,0,0,0,0
157:0,0,0,0,0,0,0,0,0
158:0.3056019574240032,0.2810873431063856,0.19678410546812064,19.755087741670607,0.2731544406176664,-1.0099125527468333,0.2781034706088195,-1.160315164252517,-1.5877531458856038
159:0,0,0,0,0,0,0,0,0
160:0,0,0,0,0,0,0,0,0
161:0,0,0,0,0,0,0,0,0
162:-1.0559698994427333,-1.3768033504317305,-1.0257309921216946,16.25420195460089,-1.1316616033106142,-2.0017413859621525,-1.1566869003962614,-1.567523915708811,-2.1621783669347088
163:0,0,0,0,0,0,0,0,0
164:0,0,0,0,0,0,0,0,0
165:0,0,0,0,0,0,0,0,0
166:-1.1412070489712487,-1.1352673877029618,-1.137090108359493,4.274209808105188,-1.1373535179875984,-1.136623261818736,-1.1106330068918977,-1.14350396314559,-1.1520218258274415
167:4.243612006018638,-1.1354813445496366,-1.1395886787762388,-1.1226817755491836,-1.149383520090169,-1.1472374592156922,-1.1446963479188739,-1.1285356115008125,-1.1470787007141525
168:0,0,0,0,0,0,0,0,0
169:0,0,0,0,0,0,0,0,0
170:0.5625883003190023,0.6535688277795747,0.678538017202446,0.4212310135872326,0.4835679480437641,0.9821738800864093,0.5383646324905149,0.44920004043258116,21.493789422188016
171:0.534221953672657,0.4658880081077192,0.9746987622415276,0.48477610956453554,0.46171173331029997,21.34332726212204,0.4837525209525807,0.5351410105408373,0.4580528086491249
172:-0.5110315864593616,-0.5739703112981968,-0.4903232587864626,-0.6540577237105168,-0.5344607115391746,-0.5864811975597751,-0.5681330811233978,6.402545654284361,-0.4391723816663449
173:-0.9540713286992103,-0.738417284960733,-0.8164966482374036,-0.8593867160794315,-0.09717750582136873,-0.6825165752453518,-0.19170931116968423,19.87370607015589,-0.18624426983236203
174:1.940180913897426,0.14449149372724418,1.9989252272684535,0.9210588879132254,1.94736489959118,1.7089037153279554,1.2057144864434342,22.22934338856473,1.3223737340317143
175:0,0,0,0,0,0,0,0,0
176:0,0,0,0,0,0,0,0,0
177:0,0,0,0,0,0,0,0,0
178:2.25498890842123,2.3868173737793255,2.4676605498763884,2.6486517770659237,2.3865312830485435,0.5854680525956212,22.246854276289717,1.5616079675309469,2.2643037251437885
179:1.0501329086875222,0.9599112272388105,0.6436325410026115,21.269546051211652,0.8789454803869592,0.6302321869705394,0.7548815807809282,0.6287319463022146,0.54301661595121
180:0,0,0,0,0,0,0,0,0
181:0,0,0,0,0,0,0,0,0
182:0.3865925685641481,0.255687700033922,0.3968152075134971,20.741080738634306,0.5156809148293104,-1.353495111024633,0.2435481569768553,-1.1026031495478974,-1.4540353229602216
183:0,0,0,0,0,0,0,0,0
184:0,0,0,0,0,0,0,0,0
185:0,0,0,0,0,0,0,0,0
186:0,0,0,0,0,0,0,0,0
187:0,0,0,0,0,0,0,0,0
188:0,0,0,0,0,0,0,0,0
189:-1.2784937945849955,-1.2976599248615763,-1.297566433348848,2.7368523289399986,-1.294413823715214,-1.2943173029820998,-1.2953364366696094,-1.2754896892397494,-1.2873060360227764
190:0,0,0,0,0,0,0,0,0
191:0,0,0,0,0,0,0,0,0
192:-0.06737984049620385,-0.10166537316556719,-0.11509915590246894,-0.09706886689710141,-0.09132601222097785,0.3630470440094579,-0.10147262671457215,-0.09291701402450872,13.16477536688372
193:-0.08130986805492096,-0.05395797634055103,11.595566114947848,-0.06852427936863532,-0.08461513983568503,0.7672727050720783,-0.082969362643285,-0.07262583737367709,-0.08591850512317349
194:0,0,0,0,0,0,0,0,0
195:-0.5256344122876834,-0.4614547743294113,8.73542835822211,-0.4572745407718637,-0.4828728806102728,-0.5946385121505035,-0.4952247814566223,-0.5181190955505848,-0.5063892189966067
196:1.177016562118095,1.2401910391324267,1.1736621380678398,0.023851585633818964,1.086931587286542,22.19580711120204,0.019653581602425155,1.548181517218772,1.22335064210866
197:0.2138191722350098,2.271316583082055,22.527864333454357,0.08140795953277824,2.6594247133999094,2.484855175990738,2.8388297296767004,0.9022945206126561,3.0512167050302854
198:0.5235939318004534,21.330199593668546,0.4759044722981144,-1.0628091021438328,0.500660001704393,-0.9503188605855097,-0.9897675997658745,-1.379423472701921,-1.4018739186649087
199:0,0,0,0,0,0,0,0,0
200:0,0,0,0,0,0,0,0,0
201:1.2837076718558318,22.339692907236877,1.4691448805350908,2.0012637382758647,1.4455730702278884,-0.18440590220114533,1.437245536714407,1.44110512306411,1.5812202858214646
202:0,0,0,0,0,0,0,0,0
203:0,0,0,0,0,0,0,0,0
204:0,0,0,0,0,0,0,0,0
205:0,0,0,0,0,0,0,0,0
206:0,0,0,0,0,0,0,0,0
207:0,0,0,0,0,0,0,0,0
208:0,0,0,0,0,0,0,0,0
209:0,0,0,0,0,0,0,0,0
210:0,0,0,0,0,0,0,0,0
211:0,0,0,0,0,0,0,0,0
212:0,0,0,0,0,0,0,0,0
213:0,0,0,0,0,0,0,0,0
214:0,0,0,0,0,0,0,0,0
215:0,0,0,0,0,0,0,0,0
216:-0.14419352091059925,-0.11755037999843874,-0.10784526013500595,-0.11489985717424801,-0.11009785942580268,0.5437949780448624,-0.09159025548407124,-0.10042310655113598,12.421426047290332
217:-0.12038422956097095,-0.15239388846054708,11.264731942697406,-0.13891884539696375,-0.11732375387107849,0.6962362621968969,-0.12769967565978835,-0.12532656582312326,-0.11464860583789913
218:-0.5744564957335629,-0.5892711023166627,-0.5724543368487821,-0.5772861284001183,-0.5759261608847555,5.884042346268101,-0.5693919461455781,-0.7228078732010785,-0.6120593371349919
219:0,0,0,0,0,0,0,0,0
220:1.042552872743238,1.1080291577520427,1.0226673930039412,-0.008836640626605417,0.9620645876028797,0.96970006650059,-0.053177110721212985,1.413200532382829,22.386524486430066
221:0.1575981481415451,1.9802543415816127,1.7907574419047971,0.027043354671059994,2.655353051074644,22.64088126938322,2.8902143704724557,0.06963887688257282,2.6783570380576713
222:0,0,0,0,0,0,0,0,0
223:0,0,0,0,0,0,0,0,0
224:0.6885171701788513,0.7037753337053194,0.7055884835265147,0.843902705001558,0.5492498529336826,0.709949282682468,0.9600531739799633,21.73813859149462,0.7784790773596975
225:0,0,0,0,0,0,0,0,0
226:0,0,0,0,0,0,0,0,0
227:0,0,0,0,0,0,0,0,0
228:0,0,0,0,0,0,0,0,0
229:2.0773290570837903,-0.693538831843214,-0.3788967569097868,22.64007578672655,2.297534395147251,0.18360902839700394,2.0859364838940944,2.2007927715576203,2.082446284624109
230:0,0,0,0,0,0,0,0,0
231:0,0,0,0,0,0,0,0,0
232:-0.31375144469216654,-0.4147798100376664,-0.3348934112139788,-0.5578205840913635,-0.3908949529696723,-0.5808391952610723,11.51487044535549,-0.2853833979124819,-0.5975449572246486
233:-0.6398162669853538,-0.4922386011769672,-1.0565133526077224,19.621819196630497,-0.012993792905385243,-1.0124715524489172,-0.06545522427250645,-1.0190821715724518,-0.03248185723071946
234:0,0,0,0,0,0,0,0,0
235:0,0,0,0,0,0,0,0,0
236:-0.5609743076883631,-0.5675560429761077,-0.5663520151856847,-0.48373561065237647,-0.5706149441281334,-0.5668209736625085,6.620820547014854,-0.5319848300555364,-0.54816456093776
237:-0.5255540171003487,-0.5675286671028777,-0.5724621295520838,6.7042842282105015,-0.5818691520673437,-0.5865528101242083,-0.5876272566893692,-0.5946585593463918,-0.5570915337122859
238:0,0,0,0,0,0,0,0,0
239:0,0,0,0,0,0,0,0,0
240:0,0,0,0,0,0,0,0,0
241:-0.5135351412453905,-0.5903348740352153,-0.5059387984193654,-0.5167477267472146,-0.5249221310863955,4.909518524594323,-0.5264986144679368,-0.5132082043555677,-0.5127391832992179
242:-0.10412054771038222,-0.13867455207941057,-0.1395346639633607,-0.12909012043782553,-0.13102807630451196,0.443833911257457,-0.12801782812127666,-0.13259253597171838,10.84421154781478
243:-0.12299837793800784,-0.11949332684121285,0.4130309763923373,-0.14493376717099035,-0.14792201652767226,10.89418679535225,-0.13582747939140763,-0.13975374433958912,-0.13119351039371738
244:0,0,0,0,0,0,0,0,0
245:0,0,0,0,0,0,0,0,0
246:1.5178752021092248,-0.22552407124588356,1.6449972813952713,-0.034936354798965244,1.5086232037779763,22.63378951275153,-0.09364541395169858,1.3761996229253102,1.0839517334586275
247:-0.07456318108883664,1.2625838062401828,22.51442955386455,-0.10092117970961403,1.1517051085171697,0.9562310953745151,1.04334306037723,0.9105574475378493,1.161384391530404
248:0,0,0,0,0,0,0,0,0
249:0,0,0,0,0,0,0,0,0
250:0,0,0,0,0,0,0,0,0
251:0.8370368313765894,21.860858227634782,0.5500001300957579,0.7317234908146641,0.47822998976762726,0.6667395253598247,0.6747675063017129,0.625822887530045,0.6282764672376462
252:0,0,0,0,0,0,0,0,0
253:0,0,0,0,0,0,0,0,0
254:3.037538045322904,2.8958773337797354,3.074962157549263,22.698898185931093,2.8452099100760257,0.4243662452945372,2.9042321585961166,-0.4980154806954695,-0.19595736368938546
255:0,0,0,0,0,0,0,0,0
256:0,0,0,0,0,0,0,0,0
257:0,0,0,0,0,0,0,0,0
258:0.35475368884784253,-1.0611767487492483,0.4430899408408943,19.879792037361234,0.3822993292186204,-1.2990002482805476,-0.5332471627358616,-0.1680910175464841,-1.3136851258006035
259:12.79788708009887,-0.2420879520234943,-0.6705240504295559,-0.4615673042872664,-0.39343589431533477,-0.7264820605293836,-0.39821689545357647,-0.3684699778149348,-0.3378305764314444
260:0,0,0,0,0,0,0,0,0
261:0,0,0,0,0,0,0,0,0
262:-0.6143813899174206,-0.5991236652723649,-0.5849475611778778,7.125969497800471,-0.6067830263157165,-0.5852460531372927,-0.4925131130231755,-0.6318750675217012,-0.5934581794015964
263:7.38630584043156,-0.6003678472821551,-0.626419177881631,-0.47405729540336816,-0.6019868296541239,-0.6181429216047102,-0.6464002210367736,-0.6023566055584858,-0.6344303011821448
264:-0.4200875797632713,-0.48010557890047867,-0.40954594759317814,-0.4200288786969172,-0.45539866025317977,-0.56469452714717,-0.435324691657893,-0.43192437503142206,6.6869917752653825
265:0,0,0,0,0,0,0,0,0
266:-0.06924412773486478,-0.07699634315576456,-0.1188068690877861,-0.10479565802510073,-0.068139796138871,0.44304215984486806,-0.08887743417596541,-0.10079628961143912,11.76315569686027
267:-0.09270597876934057,-0.0924647678685159,0.4946469800238382,-0.09517034915940485,-0.09990112761331028,11.688092601302998,-0.09884803974682269,-0.0830077558680501,-0.10700843727700368
268:0,0,0,0,0,0,0,0,0
269:-0.6724320040349123,-0.9147921398864101,-0.8830676125184471,-0.7493897877396607,-0.12650428904826708,-0.7111957867371395,-0.14660657049174794,19.166990836333095,-0.21285993123240354
270:1.439653802859533,0.10690159679897214,1.6129138646602152,-0.00325153226716878,1.6970200626890932,1.755039229257558,0.02157722933237097,1.4433669584654565,22.48231273057687
271:-0.04383190708104423,1.374392365726236,1.7201105127330967,0.002594992484476639,1.326865412092595,22.29014646478595,1.4291253857951014,1.1390736926724507,1.2981070748609347
272:0,0,0,0,0,0,0,0,0
273:0,0,0,0,0,0,0,0,0
274:2.5989184998656114,2.426089116801431,2.436131317094577,2.4237339243748592,2.4867768207659027,0.12073583130687575,2.0130008993656734,22.55598146404106,2.4341936449018227
275:0,0,0,0,0,0,0,0,0
276:0,0,0,0,0,0,0,0,0
277:0,0,0,0,0,0,0,0,0
278:0,0,0,0,0,0,0,0,0
279:0,0,0,0,0,0,0,0,0
280:0,0,0,0,0,0,0,0,0
281:0,0,0,0,0,0,0,0,0
282:0,0,0,0,0,0,0,0,0
283:0,0,0,0,0,0,0,0,0
284:0,0,0,0,0,0,0,0,0
285:0,0,0,0,0,0,0,0,0
286:0,0,0,0,0,0,0,0,0
287:0,0,0,0,0,0,0,0,0
288:0,0,0,0,0,0,0,0,0
289:0,0,0,0,0,0,0,0,0
290:0,0,0,0,0,0,0,0,0
291:0,0,0,0,0,0,0,0,0
292:0,0,0,0,0,0,0,0,0
293:0,0,0,0,0,0,0,0,0
294:0,0,0,0,0,0,0,0,0
295:0,0,0,0,0,0,0,0,0
296:0,0,0,0,0,0,0,0,0
297:0,0,0,0,0,0,0,0,0
298:0,0,0,0,0,0,0,0,0
299:0,0,0,0,0,0,0,0,0
300:0,0,0,0,0,0,0,0,0
301:2.3578929007872556,22.54317922043211,1.8209184775605747,0.10504799183256429,2.4654052699718614,2.3234098978367776,2.636561035280259,2.7184655648575795,2.5198186257629667
302:0,0,0,0,0,0,0,0,0
303:0,0,0,0,0,0,0,0,0
304:1.1807826080953674,1.0040052274838436,0.9782226378393203,22.116593703548723,0.851403794375069,-0.005925186934537141,1.2800786529525516,1.0889310696250885,-0.01949389516454116
305:22.430093860992383,1.6967325731440275,0.0017556159418568402,1.824234507517009,1.9285872456673396,0.0361658932187084,1.9638586144466172,0.18885953877638392,1.787694401636542
306:-0.1186949226588341,19.234412075851843,-0.13085270502690652,-0.6824901230327537,-0.1279231020249947,-0.8177623824578936,-0.8145215540435005,-0.8571824379544988,-0.7302077805614021
307:0,0,0,0,0,0,0,0,0
308:-0.10205687646542266,-0.06988410019378834,-0.10120500490182904,11.702395349239673,-0.08220031830137671,-0.09047008854824543,0.5758302509397337,-0.07047081318028019,-0.08740902051675711
309:0.423349991222879,-0.07895887705295448,-0.08591050704333245,12.311289116323511,-0.11315816143207216,-0.09223454588693164,-0.09373234051973398,-0.10555726571387145,-0.09439431504655878
310:0,0,0,0,0,0,0,0,0
311:6.444989240063106,-0.4804928934374248,-0.4182289585801955,-0.5118358338419269,-0.43943105698220025,-0.4070893223774963,-0.4613908045162492,-0.43688366667400214,-0.4301663297218419
312:-0.6732213246727062,-0.6398412309433951,-0.6145479494415921,-0.6478171737785743,-0.6414723821851669,-0.5452590729886861,-0.655663410637949,-0.655077216856387,7.343915918618158
313:-0.6148797573886201,-0.6229239447901205,-0.509657900782678,-0.612685769909689,-0.5977495813126086,7.286127373277892,-0.6237325476052327,-0.6372070237189454,-0.618441835020527
314:0,0,0,0,0,0,0,0,0
315:0,0,0,0,0,0,0,0,0
316:-0.3962194138444529,-0.39363873190754883,-0.4237521648565489,-0.7674409243046557,-0.3710005815233052,-0.5378952591877246,-0.6691799246872633,-0.1961167642697101,12.651758896451605
317:-1.4068674508649732,-0.2430754329211945,-0.44524891377406756,-1.2735238600796002,0.37997882428851193,19.849967518139966,0.27215215965977047,-0.9593833947881885,0.46923685278796073
318:0,0,0,0,0,0,0,0,0
319:0,0,0,0,0,0,0,0,0
320:0,0,0,0,0,0,0,0,0
321:-0.18227219880648476,-0.4738929137937961,2.987490197185039,0.5864848264135131,2.8462573025165874,22.71509813518896,2.642801973435348,2.7186148953424003,3.1436339968187674
322:0,0,0,0,0,0,0,0,0
323:0,0,0,0,0,0,0,0,0
324:0.626863245801187,0.7018519011598463,0.621993088584339,0.6166419118792557,0.7353373033517304,0.9182919211277462,0.63461782381282,21.804412137671516,0.8636376177397123
325:0,0,0,0,0,0,0,0,0
326:0,0,0,0,0,0,0,0,0
327:0,0,0,0,0,0,0,0,0
328:0.8494297371549812,0.7103257050113875,0.8036171128025807,0.7118116425734842,0.7038464684536662,-0.06375521783019984,22.292726435752062,0.8923325291687808,-0.05297354818313543
329:1.1762222564010254,1.614706798938619,-0.037290860950860365,22.620538408019755,1.8389775832355377,-2.305182429876082e-06,1.794398621017247,-0.24109561506046628,1.9171156860093108
330:0,0,0,0,0,0,0,0,0
331:0,0,0,0,0,0,0,0,0
332:-0.11411855152346806,-0.1206553987145417,-0.10606619674580707,0.2781596093975171,-0.10511009216348154,-0.08529743589146231,11.68132453403203,-0.10051142980416804,-0.1292910592340514
333:0.35594173660523326,-0.0917213442396813,-0.13026053726891892,11.62840037408297,-0.14470686497981247,-0.10043269903416574,-0.1403691592174483,-0.12081010586466359,-0.1136005194540014
334:-0.5664143370538358,-0.548125651432932,-0.5565558876480493,4.653448069127625,-0.5520278457163371,-0.562622712687147,-0.5656582194297975,-0.6147928048300261,-0.5510540669963198
335:0,0,0,0,0,0,0,0,0
336:0,0,0,0,0,0,0,0,0
337:0,0,0,0,0,0,0,0,0
338:-0.5486775462699371,-0.561395067657183,-0.5723712594653588,-0.5559423106036695,-0.5730985284701092,6.737028938584697,-0.5485056227415922,-0.5553068101015273,-0.46977364612790573
339:-0.5516685727833773,-0.5924085410378112,6.543425545380679,-0.5629364125430524,-0.5503672906164472,-0.5071933416819143,-0.6059144967962172,-0.547475412142885,-0.5503558163498178
340:0,0,0,0,0,0,0,0,0
341:0,0,0,0,0,0,0,0,0
342:0.09525592142632211,-1.0604712755856538,0.10522507490663636,-1.054242099697251,0.018378495891881126,19.78403283250696,-1.0463692502693607,-0.36695540788547915,-0.606858826301082
343:-0.7228854149151559,-0.22535993629148843,12.54451500087141,-0.698744820535537,-0.38349321335885167,-0.5119563711274137,-0.37559351351016407,-0.4260783903851078,-0.36254307097316724
344:0,0,0,0,0,0,0,0,0
345:0,0,0,0,0,0,0,0,0
346:2.015216284912899,2.3355602092949073,2.299791122263744,0.020207561308034076,2.3200807775338532,22.663615671544793,-0.324207751782321,-0.5648454358873554,1.9900181856252943
347:0,0,0,0,0,0,0,0,0
348:0,0,0,0,0,0,0,0,0
349:0,0,0,0,0,0,0,0,0
350:0,0,0,0,0,0,0,0,0
351:0.6992847316989156,21.817637775526,0.9997438270680017,0.7793063079162214,0.6991118843321841,0.9877142074197759,0.715925199277791,0.8424023331197823,0.6754580050360617
352:0,0,0,0,0,0,0,0,0
353:0,0,0,0,0,0,0,0,0
354:2.741567422513326,0.08007925400611192,2.8078910918176145,22.64060156464156,2.636849741169622,0.19788170946170852,1.7055387918406277,1.9738800280420778,0.09317160729149879
355:22.36489682450048,1.6119409254606045,0.04093026497763324,0.8869826501002073,1.105851865683477,-0.06374834240801948,1.0479530572303655,1.1854719218036578,1.167743251487955
356:0,0,0,0,0,0,0,0,0
357:-0.6389591064045856,-0.6557664486075667,-0.5785300265623287,5.817497363423042,-0.5890807513814177,-0.589418226831477,-0.5806683700198202,-0.5816706758718575,-0.576337003358357
358:-0.0911838710972408,-0.09397887380104256,-0.10767939794411875,12.896183521932297,-0.09940986055796144,-0.11896730852793078,0.5451671555322801,-0.1436718309574912,-0.11851025970095677
359:0.48898687350800746,-0.1220717096571059,-0.09353851377193605,11.178591982210886,-0.10453264365812898,-0.14536476433539314,-0.11835162107562422,-0.12219271605337413,-0.12984515888704043
360:0,0,0,0,0,0,0,0,0
361:0,0,0,0,0,0,0,0,0
362:0,0,0,0,0,0,0,0,0
363:0,0,0,0,0,0,0,0,0
364:0,0,0,0,0,0,0,0,0
365:0,0,0,0,0,0,0,0,0
366:0,0,0,0,0,0,0,0,0
367:0,0,0,0,0,0,0,0,0
368:0,0,0,0,0,0,0,0,0
369:0,0,0,0,0,0,0,0,0
370:0,0,0,0,0,0,0,0,0
371:0,0,0,0,0,0,0,0,0
372:0,0,0,0,0,0,0,0,0
373:0,0,0,0,0,0,0,0,0
374:1.517047716797608,1.471056722630135,1.3683859912144818,-0.10313279187983226,1.3352828479590997,1.5945324479814482,1.4327867427343088,22.396993728398204,1.185728355480864
375:0,0,0,0,0,0,0,0,0
376:0,0,0,0,0,0,0,0,0
377:-1.3678739289320012,-1.3042631233029687,-1.0025073201415216,-0.8961217551400434,0.5503514053340836,-1.134536340006325,0.574073535261845,21.350689444837027,0.6236228809589045
378:2.783666093320635,0.8986164187540857,2.610399687393658,2.507906690240363,2.7999086115708014,0.13258693342745448,22.642363045821146,2.1712581047897355,0.2726234965197343
379:1.168606987387093,1.4523275239863784,0.009230330124775542,22.24753608201992,1.1485827371735777,0.02445166764286534,1.0284378748506624,0.9920608803540383,1.128361059193091
380:-0.47112812590592573,-0.4911823339527994,-0.4817692706666543,-0.7053661831036212,-0.4874799654220515,-0.48331465488562303,8.723976787494548,-0.543821097647007,-0.4849325674465623
381:0,0,0,0,0,0,0,0,0
382:-0.10246975301168632,-0.07582724744200968,-0.10975282465334867,0.6209190635292885,-0.07969866108212406,-0.05226993036897548,11.852677828948648,-0.10101710778999044,-0.09009335999411827
383:12.682412931033188,-0.06383487598629942,-0.09378782580070413,0.43397836962681796,-0.07245752541243272,-0.09347732054045158,-0.06180779764345354,-0.07219185678540123,-0.08574709782543373
384:0,0,0,0,0,0,0,0,0
385:0,0,0,0,0,0,0,0,0
386:-1.3191755496826667,-1.3260660397724384,-1.3171353874960705,-1.3191643632801093,-1.3196932641441614,2.6986766030216116,-1.3128364550386362,-1.315250697353356,-1.3061195736736317
387:0,0,0,0,0,0,0,0,0
388:0,0,0,0,0,0,0,0,0
389:0,0,0,0,0,0,0,0,0
390:0,0,0,0,0,0,0,0,0
391:0,0,0,0,0,0,0,0,0
392:0,0,0,0,0,0,0,0,0
393:-1.5070946735953237,-1.1042024658745,0.2774436926987528,-1.2594952569370308,0.34065570166849585,20.718159582035657,0.24358143375839283,0.3400340934788524,0.33046137254708086
394:0,0,0,0,0,0,0,0,0
395:0,0,0,0,0,0,0,0,0
396:0.6405498785034635,0.541739279944795,0.7089456160314928,0.5939874258760419,0.8501700612641965,21.18472445526236,0.8088938811050599,0.8414433400934501,0.9151270216649253
397:2.535609906328734,1.5915797871563235,22.25871363339158,0.6124047629564269,2.322181409618242,2.6108290624871358,2.5538818746419403,2.48850630727809,2.213003056971823
398:0,0,0,0,0,0,0,0,0
399:0,0,0,0,0,0,0,0,0
400:0,0,0,0,0,0,0,0,0
401:1.0704592791675547,22.233443518084396,1.2484047547737005,1.636661753563532,1.7566327126518924,1.0957188618569633,1.7963129945591165,0.11108238408098337,1.755047457907239
402:-0.1668944044570696,19.793382138575318,-0.1767015501499375,-0.6768408901727914,-0.1776700780194484,-0.7661564062950251,-0.8510236586342037,-0.7760882348645792,-1.2017291234892862
403:-0.47032242448058675,6.134000048046789,-0.5129722088249677,-0.6293443290458299,-0.4972477097810474,-0.6469459191470931,-0.5393578872839891,-0.5276404081571657,-0.4902562569550279
404:0.5401694310898953,0.5486291384951468,0.5022834153226403,21.406236382880223,0.5347603221784887,0.5551383209767828,0.8037449487806269,0.6480993271833435,0.6005467031649091
405:21.47308183632584,0.5310388445178738,0.4625382086730158,0.9013620240568483,0.6069464102622836,0.5998232758888665,0.7066509634811925,0.5463557963225067,0.48070582752198737
406:0,0,0,0,0,0,0,0,0
407:0,0,0,0,0,0,0,0,0
408:-1.1651515949394657,-1.1559432710774973,-1.1512942556558912,-1.142410126856295,-1.1556554709198321,-1.118935068153209,-1.1634627486921951,-1.1525072047849685,4.297957930019454
409:-1.1878095485585816,-1.188194741879324,-1.1572600506412047,-1.1754062334523405,-1.188701416711945,4.223328200008041,-1.1924915616966396,-1.1750542261582055,-1.185309612974035
410:0,0,0,0,0,0,0,0,0
411:0,0,0,0,0,0,0,0,0
412:0,0,0,0,0,0,0,0,0
413:-2.1926322022360667,-1.4995599105753248,-1.1104131899897587,-2.002505354255695,-1.120730218330073,16.270950369542405,-0.9953832959370297,-1.323258482445076,-1.033898156235122
414:0,0,0,0,0,0,0,0,0
415:0,0,0,0,0,0,0,0,0
416:0,0,0,0,0,0,0,0,0
417:-1.5647713875700073,-1.164659331241044,0.24884702499274822,-1.034123869839513,0.19033799392609593,19.82844022148657,0.21995501142982307,0.29583906628575957,0.2703765417767786
418:0,0,0,0,0,0,0,0,0
419:0,0,0,0,0,0,0,0,0
420:0.6687829085782812,0.5579024844253899,0.6077849064761589,0.5067516986816656,0.49426768110307023,0.8620191318739819,0.5879972413422738,0.8199025480473798,20.90231414135212
421:2.243167035575986,1.5023586739266261,2.06049679998376,0.38298043430159157,2.204762336803454,22.050245644792653,2.0351214389745254,2.141758012257618,2.1293282271528002
422:0,0,0,0,0,0,0,0,0
423:-0.41144421148989746,-0.36199240425454016,8.47834654661505,-0.40834273150743294,-0.46237914820460724,-0.40740112107415954,-0.38472858706546004,-0.44875620967658253,-0.43793741378845114
424:1.161008852966149,1.398029207862225,1.237620843295172,0.8646997774884168,1.2983047907520442,1.0145717210036826,1.520810690869135,21.89008532364386,0.8299270038607754
425:0,0,0,0,0,0,0,0,0
426:0.7947851131580795,21.88392761822169,0.6950649971199,-0.3873407258876122,0.875003710405425,-0.6280035751988715,-0.6310040530764908,-0.6068316306032802,-0.6958832928131292
427:-0.3337753311327293,8.293976774281514,-0.4433439122697204,-0.3878605967831573,-0.469967813480149,-0.48815556852448255,-0.45463622377142476,-0.44889054326218153,-0.3858453012562766
428:0.4279786598735891,0.4006776540282865,0.5696226787609002,0.8344235691892682,0.4668226700239583,0.5576683860394294,21.13673108599054,0.3474421267366466,0.42561944294818194
429:0.6981327332924524,0.4823100027231986,0.547452819748215,21.14096415199818,0.5613678879892493,0.4477015414229339,0.456737632579966,0.4017922436161818,0.5431982440677197
430:0,0,0,0,0,0,0,0,0
431:8.246040024393542,-0.4010386959088811,-0.37716326534577166,-0.39033451651653955,-0.41359594147708134,-0.42598759166451405,-0.3718282385152109,-0.40428628376745523,-0.3974474029109159
432:0,0,0,0,0,0,0,0,0
433:0,0,0,0,0,0,0,0,0
434:-1.1127385241107641,-1.1004233157305547,-1.114430100410793,-1.1110975184937049,-1.1108761511450578,3.7561250446314314,-1.1077506863093762,-1.1070411326135259,-1.0959622008025145
435:-1.1060844010013828,-1.1028793704005593,3.8087335502950808,-1.1027586865053738,-1.108072136805321,-1.0934681760394678,-1.1068519602912565,-1.1021516595544236,-1.1068003433100633
436:0,0,0,0,0,0,0,0,0
437:0,0,0,0,0,0,0,0,0
438:-1.1066451670440072,-1.4019239805417363,-1.076588396307202,-1.6698050054394968,-1.106118850415109,16.052281162262805,-1.799549946181115,-1.4476790212447765,-1.1931595877375392
439:0,0,0,0,0,0,0,0,0
440:0,0,0,0,0,0,0,0,0
441:0,0,0,0,0,0,0,0,0
442:-0.07870137040892024,0.0704175378517434,-0.08871379736096315,-0.9717222561333851,-0.03281526365064583,19.554177187793606,-1.5265374981185007,-1.2736203382160556,-0.023892001817057452
443:0,0,0,0,0,0,0,0,0
444:-0.5023196385632166,-0.49079660435953404,-0.4193614459543996,-0.5166536560259591,-0.42176161886520375,-0.44970699738005004,-0.49121805458727247,-0.46430469446059813,9.943468296541324
445:0,0,0,0,0,0,0,0,0
446:1.4523702994237428,1.5866191774699592,1.752295965806678,0.16427132146545606,1.4183360223002384,22.020744670697244,1.4955771503855293,1.1406831396132528,1.6986194434994812
447:0.4846095431003507,0.8154185039652394,21.057575107034406,0.6204035452074185,0.6059056054907052,0.7789311270084581,0.5671147455128295,0.5701695168242776,0.5868342031017528
448:-0.517237148083061,-0.4985266601159185,-0.42695601810302397,-0.49056350306052166,-0.5032376676240946,-0.5361423693826873,-0.4137360926718331,10.140875231315691,-0.4630548120597407
449:-0.6605441655225168,-0.8422564985228223,-0.8763160790040714,-0.5192030703079936,1.7235018428304754,-0.6897911610228222,1.6941565728520087,22.058396697835327,1.618971508869422
450:0,0,0,0,0,0,0,0,0
451:1.1500588562906129,21.90675476105664,0.7826985466102735,0.752544897257162,1.3679663448245538,0.7190332144147046,1.3477996764534892,1.2112806085221997,1.3333084151412278
452:-0.4642172030063254,-0.4573815525052284,-0.4789052027419017,-0.40160255442564435,-0.43044275223885564,-0.4399277040797313,9.90489377784492,-0.4315371221241426,-0.43196103619804604
453:0,0,0,0,0,0,0,0,0
454:0.5741285973763043,0.37320943002757645,0.5497442559680017,21.324581925912998,0.5110985281996197,0.5012341662899004,0.7721877774404485,0.4568389999663349,0.6150329411428904
455:21.28784774281952,0.5194248942524026,0.6468235413949469,0.8236842066534534,0.594011909632078,0.6340415067124948,0.43614156721433317,0.5929809116876863,0.5276918970512244
456:0,0,0,0,0,0,0,0,0
457:-1.1525180397080994,-1.1545529860969346,-1.1343566611777849,-1.1549907775595845,-1.1559824274080877,2.18036228438136,-1.1575428029604047,-1.1554024172960267,-1.1581560402831688
458:0,0,0,0,0,0,0,0,0
459:0,0,0,0,0,0,0,0,0
460:0,0,0,0,0,0,0,0,0
461:0,0,0,0,0,0,0,0,0
462:0,0,0,0,0,0,0,0,0
463:0,0,0,0,0,0,0,0,0
464:0,0,0,0,0,0,0,0,0
465:0,0,0,0,0,0,0,0,0
466:-0.012236136273474536,-0.033109107625821,0.05132176319485221,-0.9920157329896778,0.055591484836076545,20.51601809208401,-1.4281870282763491,-1.096608396375645,0.06758154349956845
467:0,0,0,0,0,0,0,0,0
468:0,0,0,0,0,0,0,0,0
469:0,0,0,0,0,0,0,0,0
470:1.9105264090349245,1.8515105197556752,2.0427203854022755,0.39697845675100446,1.658373530224714,2.387929871846198,1.9402044803418212,1.5050543432624552,22.258729303737308
471:0.6139445678346921,0.820888749612832,1.149755007152912,0.59960356015639,0.6951669026151173,21.269078103923505,0.43141807570598967,0.5803295101756519,0.5808497688338823
472:-0.6489175775181192,-0.6352097092608072,-0.6219506051191925,-0.7666720444392048,-0.6750535128104469,-0.8067902903817135,-0.5788134234624169,8.272434225339866,-0.585063772798154
473:-1.2893520656271285,-1.2238616708344228,-1.4659597701414477,-0.994223727926318,0.4233835303613621,-1.1534465611051132,0.6069683943037114,21.302883578606817,0.4055517942582462
474:2.321513464561822,0.7190171681497136,2.777515966674815,2.136553332939315,2.4592598127794174,1.4470714998626202,1.458237344625579,22.30334740161594,1.4941729016284608
475:0,0,0,0,0,0,0,0,0
476:0,0,0,0,0,0,0,0,0
477:0,0,0,0,0,0,0,0,0
478:0.530343882868851,0.5330632992110385,0.5074735530909614,1.0307357092894411,0.698212136521145,0.7026265000003606,21.544403939627266,0.5860542940496714,0.5869221780130647
479:1.0081380186815772,0.632002084179291,0.6050597654540621,21.53811664994654,0.6251006397702796,0.6406019600900233,0.537792184663699,0.6955180855911789,0.5173371449699045
480:0,0,0,0,0,0,0,0,0
481:0,0,0,0,0,0,0,0,0
482:-1.6018065769868313,-1.5981025509549838,-1.5965157747249028,-1.5980324629505418,-1.5998561741458421,2.07558415766193,-1.593729725626693,-1.5950137095487193,-1.573262106507798
483:0,0,0,0,0,0,0,0,0
484:0,0,0,0,0,0,0,0,0
485:-2.991379398046136,-1.9679554100295522,-1.612395721210158,-2.7627050293379027,-1.673804859698396,16.466519005823386,-1.6602271834210887,-1.7965533912904066,-1.6428454126339185
486:0,0,0,0,0,0,0,0,0
487:0,0,0,0,0,0,0,0,0
488:0,0,0,0,0,0,0,0,0
489:-2.1326396875313196,-1.547514815975403,-0.1641121902985621,-1.4795302738237424,-0.11888582622257546,19.498620977584128,-0.007310393299697621,-0.16189437650042882,-0.18073379274399573
490:0,0,0,0,0,0,0,0,0
491:0,0,0,0,0,0,0,0,0
492:-0.06310863265752235,-0.02733720061591806,-0.05585803143135896,-0.08430806530930061,-0.04647598612117448,13.742306169124682,-0.056289461986615795,0.14183017865060613,0.7426308007900682
493:1.3075654614646226,0.3969841206274875,21.48938123773169,0.043646802696400956,1.3679942524675779,2.8423660879510617,1.2414586017582951,1.3070474261793885,1.1983728436253636
494:0,0,0,0,0,0,0,0,0
495:-0.4765249566815363,-0.5887755529144545,6.791753511735756,-0.5187077916837998,-0.4752988850750052,-0.6075211385086462,-0.45005400210693464,-0.47587794374336145,-0.4829515461618559
496:2.9473584648183495,2.941618069921845,2.7480073369266567,0.4337295446280841,2.9680059577501225,22.628561558755795,1.5482876104554075,2.8076705735082186,2.114267372724149
497:0.15766633941930594,1.8707769343665248,22.515100441504917,0.7776030838645567,1.718328251194356,1.5225574292007955,1.7420849371163245,0.19825691870891732,1.817859181476928
498:-0.030902915048312933,20.089440814494925,-0.10628072144805717,-0.7538414055955207,-0.039215708187989806,-0.8501963633332605,-0.6778258302870568,-0.9088728204648666,-1.1675198139372098
499:0,0,0,0,0,0,0,0,0
500:0,0,0,0,0,0,0,0,0
501:1.0369787860958386,21.82837991010709,0.7375210244870714,1.205278674108654,0.7680601699037201,0.8052496801822294,0.7660411705162903,0.7306217284658406,0.7387016699872391
502:0,0,0,0,0,0,0,0,0
503:0,0,0,0,0,0,0,0,0
504:0,0,0,0,0,0,0,0,0
505:-1.479253363165619,-1.471958091132103,-1.4511713274639013,-1.467801768348425,-1.4666380616353056,3.6068503461572683,-1.4676585609177484,-1.4725490516571933,-1.4693414649860705
506:0,0,0,0,0,0,0,0,0
507:-1.4856564792444815,-1.4724287601297101,2.2204002229473563,-1.4859258596122416,-1.4912745429502454,-1.4799030054573767,-1.4882150119994204,-1.484163655130575,-1.4930720237287307
508:0,0,0,0,0,0,0,0,0
509:-2.8195166305187893,-2.1066948245903436,-1.56919110504771,-2.1793993072572504,-1.6378412108969194,16.464572262442086,-1.6124060980747128,-1.7106807322480886,-1.6026262093426815
510:0,0,0,0,0,0,0,0,0
511:-1.416322190383813,-1.3841271736671867,3.2820637339076044,-1.4166812450653483,-1.3941779530041716,-1.379561676764961,-1.4092240386055384,-1.4204143320753648,-1.4028110652873065
512:0,0,0,0,0,0,0,0,0
513:-2.270155060277636,-1.604375654626353,-0.12663435721797903,-1.5457277993687184,-0.06590267881552066,19.509290900457167,-0.11197003411955517,-0.16357546644431198,-0.0524334289267674
514:0,0,0,0,0,0,0,0,0
515:0,0,0,0,0,0,0,0,0
516:-0.05957617693009139,-0.0626540675505605,-0.06434875592600116,-0.08091221720156644,-0.07722571770068219,0.6971230789985319,-0.06878696228924791,0.08575213233248469,13.34603052926102
517:1.3413375705370203,0.4079312836287986,21.50856657691298,-0.00038822369451823116,1.2327833233154786,2.7676196964251716,1.438390871258535,1.2339409075951178,1.2602195335409325
518:-0.879299939416313,-0.893842418388756,-0.8761673513750499,-1.0908706226407243,-0.8868405097019908,8.952515756676254,-0.8798336362681958,-0.964140052420592,-0.9590949903385374
519:0,0,0,0,0,0,0,0,0
520:2.7722112549011557,2.6877669368945547,2.7514053506899288,0.4416938289925124,2.80163906868336,2.0061651615852196,1.4507665722566767,2.6686422557729976,22.64682600145997
521:0.256785171379327,2.387940450608641,1.4580916700245976,0.9405333933095528,1.9672373733800625,22.55454150313521,2.3035023203921052,-0.14677051142244427,2.272227952877566
522:0,0,0,0,0,0,0,0,0
523:0,0,0,0,0,0,0,0,0
524:0.6479420419306698,0.7671582963765855,0.7813992065571367,0.9955066957448546,0.7241229384242842,0.81066072300272,0.8951615633384274,21.840769235142176,0.6354360956371936
525:0,0,0,0,0,0,0,0,0
526:0,0,0,0,0,0,0,0,0
527:0,0,0,0,0,0,0,0,0
528:-1.2152650135701621,-1.2214976063019127,-1.214988185371374,-1.2111716028906898,-1.220736565361924,-1.2101687532632794,-1.2239228739060695,-1.2185947353163393,1.8495001635302961
529:0,0,0,0,0,0,0,0,0
530:-1.3532188295131053,-1.3499613832060904,-1.352345832009825,-1.349180997677473,-1.3482973046729094,-1.3362091126250417,-1.3554743521962431,-1.3488920437270717,2.073338920938168
531:0,0,0,0,0,0,0,0,0
532:-1.1250036668544607,-1.136261774653821,-1.132689000907087,-1.1444572821859078,-1.1262550011714458,-1.110864961643861,-1.1477864568231855,-1.1134324072539221,3.5199654545447308
533:0,0,0,0,0,0,0,0,0
534:-1.5641344259164083,-1.7494057990883705,-1.5600385117272144,-1.7454871015699123,-1.5437273467911676,15.635012370030045,-2.1699317921907264,-1.828977852586547,-1.468817387886094
535:0,0,0,0,0,0,0,0,0
536:0,0,0,0,0,0,0,0,0
537:0,0,0,0,0,0,0,0,0
538:-0.44484137602231016,-0.3958686503547767,-0.47627721952721047,-1.3688988989435722,-0.3580616534368586,19.272677939069894,-1.9428449136324877,-1.611696046862666,-0.39498715430466586
539:0,0,0,0,0,0,0,0,0
540:0,0,0,0,0,0,0,0,0
541:-0.9948758364582639,-1.23225966893782,-1.1741833927931693,-1.3863066315687362,-0.9621187275510189,13.073522178630169,-0.949365971188045,-0.9566115315584253,-0.9642549673264085
542:0.6537072064673932,0.7220306805960983,0.6130795000047694,-0.32429565943416994,0.8039435203994305,2.262512556509302,0.8571937036725538,0.2035595913560794,21.41497320993556
543:-0.07106398071805703,-0.016670198156878285,13.62189542213005,-0.049984058743525725,-0.09092845101904158,0.7322287563524128,-0.058597924379062284,-0.06665182414805668,-0.07758739523384582
544:0,0,0,0,0,0,0,0,0
545:0,0,0,0,0,0,0,0,0
546:3.2487348430071097,0.16010471207347263,2.9327065955028764,1.1999075455568247,3.028807684818783,22.701601481498958,0.3155801519503101,2.812013457533962,2.1599160412942724
547:0.9635832769618092,2.6714678059046286,22.6875736259969,0.3361294284428258,2.327938308853596,1.8721578311853715,2.4272849512594528,2.4746633831460945,2.3712709409447643
548:0,0,0,0,0,0,0,0,0
549:0,0,0,0,0,0,0,0,0
550:0,0,0,0,0,0,0,0,0
551:1.0924075240262126,21.95382160128934,0.792145719728334,0.947021032469271,0.7213210073178421,0.8353081790788589,0.7094982708494117,0.8478063072830957,0.7370830442879406
552:0,0,0,0,0,0,0,0,0
553:-1.3424652169826365,-1.3330425655986273,1.5557879952967142,-1.3435038150907923,-1.343204007852455,-1.3208495657324404,-1.339563650331645,-1.3347476279447326,-1.3447079563458404
554:0,0,0,0,0,0,0,0,0
555:0,0,0,0,0,0,0,0,0
556:0,0,0,0,0,0,0,0,0
557:0,0,0,0,0,0,0,0,0
558:-1.6402231498171906,-1.837669208187865,-1.60984772793937,-1.9886594329033427,-1.6236381248649379,15.683557022575437,-2.1299293026716235,-1.7658805234989015,-1.5191431810144709
559:0,0,0,0,0,0,0,0,0
560:0,0,0,0,0,0,0,0,0
561:0,0,0,0,0,0,0,0,0
562:-0.44071175461633033,-0.4715448299381671,-0.34863214423447775,-1.389748118942949,-0.32357433374911726,19.282647249266606,-1.9301425111164672,-1.5176965372977607,-0.5029792356115025
563:0,0,0,0,0,0,0,0,0
564:-0.5731732806002549,-0.6692969253807772,-0.5869078095038764,-0.5519784350159869,-0.5865981383905828,-0.7858126674642761,-0.563224992246993,-0.6536618770458057,8.806454423969726
565:0,0,0,0,0,0,0,0,0
566:0.8873931197849565,0.7339392895568991,0.8414206738575261,-0.24814968009472463,0.8355769472076171,2.415703773355408,0.8241573642259148,0.13542421907284785,21.421371011501666
567:-0.09397867492234054,0.12935069226277207,0.8941944495577064,-0.05859098507310407,-0.07822436683060252,13.31062690801479,-0.07131323504142394,-0.06668315140395877,-0.10038569004858328
568:0,0,0,0,0,0,0,0,0
569:-1.014791848394207,-1.4916877617300826,-1.5227674496792447,-0.982238610397131,0.5556057811667279,-1.1275651908615547,0.5984874157415208,21.42930658115881,0.6129012276412654
570:2.9245096116293907,0.9627851955947373,2.8774112076349607,1.131158600218727,2.799126094423596,1.911073682970575,0.33353044305201934,2.7237466184621257,22.663507865545295
571:1.2297324773682152,2.934460425244064,2.130179070424379,0.35047136586859207,2.4767845857563877,22.66607412178557,2.409753108942476,2.7968191073367596,2.656491516227267
572:0,0,0,0,0,0,0,0,0
573:0,0,0,0,0,0,0,0,0
574:0.85414678985084,0.942701457805231,0.8088328322621686,1.104433028986337,0.7861726730744051,0.7988216087128237,1.1174479118045069,21.99351759635883,0.7433286410892423
575:0,0,0,0,0,0,0,0,0
576:-5.479998673432352,-5.576139222798442,-5.533261581511298,-5.6087601423174025,-5.555761097907631,-4.349872851700905,-5.558815473927803,-4.7668489589989305,11.265450293376846
577:-4.506257702879788,-4.855236014099284,-3.9859466161830674,-4.475086599453224,-4.546651533934273,12.120321734225596,-4.5105891880950955,-4.477020814527532,-4.435657112368691
578:-4.278932307507761,-4.2642059224081414,-4.33950246574136,-4.335408307199998,-4.288217940045561,12.942387651229485,-4.272805808707351,-4.839490715803454,-4.235417441523334
579:-5.438163448888965,-4.466877452884586,11.713522249891463,-5.458167106079403,-5.38703623803525,-4.6374344514313695,-5.431331496135076,-5.408883983883619,-5.371942237451844
580:-4.527478829914526,-4.587063827972382,-4.545866192902996,-5.814929689534578,-4.553233419961797,-3.895989752278212,-5.075618761058666,-3.506064425577347,12.369829056004715
581:-5.117811787643762,-2.7108035683323455,-1.5671546397290983,-4.3248877466740225,-1.8917581511497843,0.7539936770190988,-1.9139552445974335,11.586210681587595,-1.8967752052111289
582:-0.36883207080813596,12.263194817046466,-0.4203941658574794,-3.376315965064149,-0.3814560736391546,0.7412566148629866,-4.070275497182218,-2.6811600833374216,-1.4014860998053416
583:-4.730499605489344,-3.149472777033731,12.932830701536416,-5.657618599579197,-4.862544135383869,-4.124160785978385,-4.868240043468605,-4.826495349773073,-4.861393577135924
584:-3.813145809718833,-3.880762870636856,-3.8404900009881224,-4.439291885601861,-3.8079802112241667,-3.7989889582420675,-3.2798349087125516,12.786235167032507,-3.7942876039508118
585:-3.810672498967941,-3.127180816495919,-2.04302842487868,-2.395035731423415,-2.0738053074745806,12.984922008481862,-2.0617553947036122,-2.1162106369569567,-2.134430354369264
586:-1.4945321286325115,-1.408236823559807,-1.2913853168428475,13.005920839809097,-1.4539097981384566,-0.6922420466069671,-3.623810057739168,-2.87701066953096,-1.2960574463567807
587:-2.796364821075252,12.991451581906766,-4.315743643890267,-4.7126089247545515,-4.332220753789986,-4.260184135163354,-4.340497349664642,-4.296580256042613,-4.215498047666947
588:-4.400204196415444,-4.244826648634093,-4.300475881883858,-4.425737666199113,-4.440045871870611,-4.669465068755212,-4.3102942314933115,12.973494728755764,-2.869472320497998
589:-1.3562199017240575,-3.0162248500855227,-3.632287783868593,-0.7928886567679477,-1.5622420074397336,12.985655841500153,-1.4554751160930983,-1.3697012959596826,-1.3844288132500138
590:-2.033803652961869,-2.1018397588186395,-2.2646072086663285,13.075449385979608,-2.2315792320798487,-2.359605553229733,-2.198009300988359,-3.180474147904152,-3.8998767786457784
591:-3.9616937740335523,12.789874695450283,-3.2170634915349874,-3.905471391625881,-3.9448298320732573,-4.500101846676906,-3.948163200780931,-3.9650373798167426,-3.828179677094836
592:-4.896333586217563,-4.8652025290885215,-4.8712272996353425,-4.262357499416218,-4.889360261381989,-5.676296296999218,12.884226397984657,-3.173623932434941,-4.625084477344823
593:-1.6588575710460647,-2.632691777313454,-4.155282575401153,0.5173771442973261,-0.35739912770946547,-3.2058859665609405,-0.3716318938447376,12.314757832118692,-0.5704956783014458
594:-1.8483319893500507,11.60431815383095,-1.8460217273757629,0.5843525615495768,-1.783204376009829,-4.4510815321318296,-1.627143202484746,-2.674707270649416,-5.14394257931581
595:12.485995775461433,-3.505581942223824,-5.056586599345335,-3.8235823893246788,-4.607678725010307,-5.901106357907085,-4.597508707338913,-4.5345022168284945,-4.633389978101318
596:-5.428131004945321,-5.4360699512959565,-5.36654308442797,-4.4733486914202825,-5.4981873868752835,-5.452049557092237,11.644592308910521,-4.399212994130202,-5.434914984734378
597:-4.216300284499031,-4.850493935462347,-4.270321202517781,12.95639637202116,-4.241889902195452,-4.267020615506784,-4.213052533667944,-4.256963873734753,-4.230391302963131
598:-4.481086977260634,-4.5162352741117395,-4.482078936834083,12.06839917193961,-4.465557541616428,-4.417786248303958,-4.0498534280987935,-4.958595381973663,-4.459585357957062
599:11.148409437350306,-4.814321014034834,-5.633451150575944,-4.376481339120008,-5.618365755449654,-5.4907094491136315,-5.5306806478875945,-5.578032730140908,-5.626736130677076
