0:0,0,0,0,0,0,0,0,0
1:0.709910969597483,21.644354859015703,0.6646661916340475,0.7694675486662393,0.6232225971231655,1.0573364947522421,0.805791108386426,0.6995497710337155,0.655762796838648
2:0,0,0,0,0,0,0,0,0
3:0,0,0,0,0,0,0,0,0
4:1.2280846055880017,1.3751629510290684,1.3388490656416625,22.206677440372715,1.3475201540109072,0.09960372820346726,1.222695329435921,1.6489457407984869,0.6478837437590401
5:22.58740397576648,2.965114593578785,0.4720835452706344,2.3339464771758154,3.556524553605634,1.6813643032139787,3.6284312901008473,0.6939528428436157,3.800399328712947
6:-0.04837983467432623,20.16178094468172,-0.08575530641632179,-1.0935738995272466,-0.09040685517890601,-0.5566597739457374,-1.159229304199213,-1.0008267004891385,-0.9554684229373975
7:0,0,0,0,0,0,0,0,0
8:-0.049535381584255654,-0.10734310590473613,-0.09483507506684169,12.338098971562417,-0.06587691478354332,-0.07517666575944162,0.8042095695792304,0.07782029472688053,-0.10072654936704357
9:2.8673442696603084,0.25533385877578185,1.4860781067437747,21.442358017680817,1.4903037727831832,-0.38007647909775577,1.5542861697580488,1.325808399321428,1.3418962626794853
10:0,0,0,0,0,0,0,0,0
11:0,0,0,0,0,0,0,0,0
12:0,0,0,0,0,0,0,0,0
13:0,0,0,0,0,0,0,0,0
14:0,0,0,0,0,0,0,0,0
15:0,0,0,0,0,0,0,0,0
16:0,0,0,0,0,0,0,0,0
17:0,0,0,0,0,0,0,0,0
18:0,0,0,0,0,0,0,0,0
19:0,0,0,0,0,0,0,0,0
20:0,0,0,0,0,0,0,0,0
21:0,0,0,0,0,0,0,0,0
22:0,0,0,0,0,0,0,0,0
23:0,0,0,0,0,0,0,0,0
24:0.8387250566620641,0.7066588136383457,0.6720844907635016,0.6923958428501803,0.6415760838892033,0.7726790689347719,0.6939774753099504,21.613789006430782,1.1751907038247078
25:0,0,0,0,0,0,0,0,0
26:0,0,0,0,0,0,0,0,0
27:0,0,0,0,0,0,0,0,0
28:1.2720302462835706,1.1340458822854833,1.0570421515146609,0.8940952040558757,1.1555632463850183,0.14958558714113693,22.1119507883866,1.575730890808657,0.5882479125977638
29:2.1655307416257896,2.488414899735766,0.5455211694749048,22.51899590136154,3.327351783918942,1.5606832129283534,3.49651622161072,0.23202288189784376,3.5132507482659263
30:0,0,0,0,0,0,0,0,0
31:0,0,0,0,0,0,0,0,0
32:-0.04548463167744966,-0.028941569416894145,-0.05123764377539914,0.7398197741520969,-0.0034823641401335445,-0.03682635349245467,13.665010996679701,0.14867758733189773,-0.07800145000985402
33:2.349727429178097,0.42801422404369777,1.3739755000120808,21.410360829945727,1.3104091169750538,-0.36692258431442903,1.509858126638402,1.4854578953979105,1.4310626620677198
34:-1.0108356267259848,-1.0192475675817225,-0.9371313232654713,14.744951171339753,-0.9599242096154528,-1.2456668804413378,-1.3624168957320717,-1.243062531554108,-0.9867184171516571
35:0,0,0,0,0,0,0,0,0
36:0,0,0,0,0,0,0,0,0
37:0,0,0,0,0,0,0,0,0
38:0,0,0,0,0,0,0,0,0
39:0,0,0,0,0,0,0,0,0
40:0,0,0,0,0,0,0,0,0
41:0,0,0,0,0,0,0,0,0
42:0,0,0,0,0,0,0,0,0
43:0,0,0,0,0,0,0,0,0
44:0,0,0,0,0,0,0,0,0
45:0,0,0,0,0,0,0,0,0
46:0,0,0,0,0,0,0,0,0
47:0,0,0,0,0,0,0,0,0
48:0,0,0,0,0,0,0,0,0
49:0,0,0,0,0,0,0,0,0
50:0,0,0,0,0,0,0,0,0
51:0.9108613170748974,21.806364494316277,1.0994983508004026,0.7218559827861417,0.7075663109231421,1.0007117266172658,0.6301096186564479,0.7581964552501502,0.7043461285426436
52:0,0,0,0,0,0,0,0,0
53:0,0,0,0,0,0,0,0,0
54:3.620680787965608,0.736374637918359,3.3780943386656963,22.68342819607961,3.357961407441163,0.3816002366256468,2.2914380705861435,2.740993171702591,0.36706735155582115
55:22.32897786662848,1.768828308718731,0.153428055815839,1.259868212397071,1.5717831365210198,0.06873826672878289,1.3810740198115101,1.4051867505777753,1.3717950381259751
56:0,0,0,0,0,0,0,0,0
57:-1.7014063279489386,-1.6670921319588026,-1.1405698264015511,15.580048122593512,-0.9778385024701264,-1.4303993601917502,-1.0561921993924812,-1.0907497355487392,-0.9973645309274454
58:-0.10046428858354388,-0.12710064218895673,-0.13417360976673887,0.9747738957960121,-0.12416434525900466,-0.6798042973315711,14.26738393965257,-0.09682750999560692,-0.09787165266717889
59:0.7113272667628379,-0.04462594881335431,-0.058100004812844726,12.372206139145542,-0.07977502985518665,-0.07704524992000779,-0.10098330924584595,-0.05813031415069343,-0.07993653539184824
60:0,0,0,0,0,0,0,0,0
61:0,0,0,0,0,0,0,0,0
62:0,0,0,0,0,0,0,0,0
63:0,0,0,0,0,0,0,0,0
64:0,0,0,0,0,0,0,0,0
65:0,0,0,0,0,0,0,0,0
66:0,0,0,0,0,0,0,0,0
67:0,0,0,0,0,0,0,0,0
68:0,0,0,0,0,0,0,0,0
69:0,0,0,0,0,0,0,0,0
70:0,0,0,0,0,0,0,0,0
71:0,0,0,0,0,0,0,0,0
72:0,0,0,0,0,0,0,0,0
73:0,0,0,0,0,0,0,0,0
74:0.7534215734352476,0.5830958345080134,0.661364311322878,0.6941994502056635,0.7424824786281877,1.2885302333764803,0.8262106533355125,21.7608253817311,0.8455254078503712
75:0,0,0,0,0,0,0,0,0
76:0,0,0,0,0,0,0,0,0
77:-1.6331488876317253,-1.6093954863983297,-1.5838479821130569,-1.338101285049196,1.4836819469623286,-0.7037034840128462,1.4427925450375714,21.55293905966851,1.4327805195829382
78:3.819053882813797,1.581113822681671,3.6196099345302724,2.384731561438308,3.6546553748270196,0.47615183481088047,22.663073829004276,3.1948653499155655,0.4027264599972575
79:1.3442652169961076,1.9793026260298805,0.15003992395137764,22.310894306835884,1.5083983601307174,0.013788686806659579,1.4399250397247443,1.5782015951127069,1.5544125236010424
80:0,0,0,0,0,0,0,0,0
81:0,0,0,0,0,0,0,0,0
82:-0.13825276831108035,-0.07111313121070224,-0.07804471439407876,0.9693196595107396,-0.05986891362340411,-0.6409113261528808,14.140411684177302,-0.1304865758857479,-0.1052100770628443
83:0.7770317717493155,-0.046216682950008484,-0.08110509047696104,12.224092990099063,-0.09165069920904746,-0.061900132730876384,-0.10008351791533901,-0.08616520743465861,-0.11086506459001334
84:0,0,0,0,0,0,0,0,0
85:0,0,0,0,0,0,0,0,0
86:0,0,0,0,0,0,0,0,0
87:0,0,0,0,0,0,0,0,0
88:0,0,0,0,0,0,0,0,0
89:0,0,0,0,0,0,0,0,0
90:0,0,0,0,0,0,0,0,0
91:0,0,0,0,0,0,0,0,0
92:0,0,0,0,0,0,0,0,0
93:0,0,0,0,0,0,0,0,0
94:0,0,0,0,0,0,0,0,0
95:0,0,0,0,0,0,0,0,0
96:0.5779747947203239,0.5948801245402916,0.4622344742965601,0.5476626784893294,0.6093880615126651,21.112811312430473,0.6277154792740925,0.6310567589458393,0.9340756961146635
97:0.3453383400641719,0.4613848793070504,20.984374370785016,0.3375957805373336,0.44011412121813204,1.0328894576199732,0.5278219433866296,0.4827935357563135,0.5270382857841075
98:0,0,0,0,0,0,0,0,0
99:0,0,0,0,0,0,0,0,0
100:0,0,0,0,0,0,0,0,0
101:1.1287323565733542,22.102821083092014,1.145868817179713,1.2151911756923925,2.139586913155949,1.9598484959803038,2.1855249272616066,0.17441974214370937,2.4185431338038184
102:-0.1918646902459184,19.86727654478044,-0.15482343152577185,-0.943643216715636,-0.1929742999112297,-0.6399116427504835,-1.2828143590591423,-1.0544490882870245,-1.0005403706647877
103:0,0,0,0,0,0,0,0,0
104:0.6533125977389727,0.7609255232287894,0.8449052471456355,21.21558938265026,0.597708077987504,0.7333441655538891,0.9392629351246929,0.9308573681806714,0.7334268326542088
105:22.120156597687853,1.7903293160969977,2.9354722766086323,2.993229430040536,2.6525793973701117,1.022063604866682,2.798787504340365,2.9940664329480016,3.0108827957268596
106:0,0,0,0,0,0,0,0,0
107:0,0,0,0,0,0,0,0,0
108:0,0,0,0,0,0,0,0,0
109:0.5838995775681758,-1.178184622801227,-1.5904495089589092,20.792602359232742,0.6920389515050615,-1.2478555073636115,0.5107356944352381,0.6762785051029916,0.6579207110114456
110:0,0,0,0,0,0,0,0,0
111:0,0,0,0,0,0,0,0,0
112:0,0,0,0,0,0,0,0,0
113:0,0,0,0,0,0,0,0,0
114:0,0,0,0,0,0,0,0,0
115:0,0,0,0,0,0,0,0,0
116:0,0,0,0,0,0,0,0,0
117:0,0,0,0,0,0,0,0,0
118:0,0,0,0,0,0,0,0,0
119:0,0,0,0,0,0,0,0,0
120:0.5274193259973784,0.5353308586606923,0.6635245410060616,0.6073118927289874,0.5166581612864619,0.7799185053092446,0.45585488934927126,0.460930809721209,21.04834855591357
121:0.38193145468661677,0.5372441172433545,0.7392766507898567,0.4303316640068911,0.3881015867478439,20.947100194058006,0.4306953382175011,0.40189697257517937,0.5207927992008035
122:0,0,0,0,0,0,0,0,0
123:-0.47050578615465444,-0.47073005541676954,9.007780495171108,-0.5397450016026563,-0.45517977986853053,-0.41651468918703255,-0.4429559522350452,-0.5013374632840447,-0.5000661082379886
124:1.116006144413377,0.9210999569765562,1.028485245965827,0.5765633193795031,1.0095483143953488,0.5968691172594809,0.40224385476062774,21.622150262858224,1.289299187196834
125:0,0,0,0,0,0,0,0,0
126:0.8753265563776953,21.928806627784375,1.0046850351618388,-0.8456356317991583,0.9312743491184869,-0.16562442330831753,-0.7294643704955421,-0.6156606023459078,-0.5624221183497112
127:-0.6361774032425848,8.622209323306318,-0.4080001634793973,-0.6154500318982428,-0.5447502317156541,-0.49470028094196494,-0.530038175644977,-0.5743597365027683,-0.598280597279495
128:0.7077462413650643,0.7141345535728091,0.5854671552691596,0.9451079745233076,0.5267242705760341,0.6198944807428853,21.269022265625665,0.8275005956689926,0.7055859674328132
129:2.205366873680862,1.5955009013792814,2.432311635237762,22.028502835914956,2.6855906409321864,0.5799621130484651,2.4453373704812464,2.5049167034884667,2.492021378569652
130:0,0,0,0,0,0,0,0,0
131:8.961431871714446,-0.42138933224721187,-0.48574251720144124,-0.5478732598916899,-0.5805032064931835,-0.49892044194607926,-0.5417933405345567,-0.5341609821220681,-0.44977385632206845
132:0,0,0,0,0,0,0,0,0
133:0.3847339334082433,-1.1001833897615172,-1.4946309008935017,20.080348412299152,0.38090196275024796,-1.351907740243426,0.24789673167669155,0.4142766149772616,0.3559829539916944
134:0,0,0,0,0,0,0,0,0
135:0,0,0,0,0,0,0,0,0
136:0,0,0,0,0,0,0,0,0
137:0,0,0,0,0,0,0,0,0
138:0,0,0,0,0,0,0,0,0
139:0,0,0,0,0,0,0,0,0
140:0,0,0,0,0,0,0,0,0
141:0,0,0,0,0,0,0,0,0
142:0,0,0,0,0,0,0,0,0
143:0,0,0,0,0,0,0,0,0
144:-0.545661696368893,-0.5651417260681079,-0.45735655321891694,-0.5550792000902172,-0.4823257441555846,-0.54402907760248,-0.5292548131950041,-0.5833960308085719,10.937206632560086
145:0,0,0,0,0,0,0,0,0
146:0.4441577549616724,0.43547669544864454,0.3735528573811198,0.446674570413624,0.4880661278087318,21.22769133551646,0.46378024202732276,0.5563581719669076,0.6604047908404932
147:0.5346829232070859,0.5048839890379901,21.188051235683105,0.4039825073150227,0.43085694466429925,0.6949871065788663,0.5819592373920918,0.5633286204623268,0.4474091899930561
148:-0.6317482465063784,-0.5752045633716756,-0.6374775587480431,-0.6483952911049973,-0.6590529993628448,-0.670057670535555,-0.6634438930984906,11.098729844475942,-0.49867746579212124
149:-0.9211329775586805,-0.7037887156474066,-0.750083673131435,-0.7840615543295218,2.370654802998941,0.15614297284174256,2.432082251297357,22.052914878647282,2.461125899562699
150:0,0,0,0,0,0,0,0,0
151:0.6226960803380696,21.689370645610666,0.8806911153518747,0.6552306140000589,1.022509878387187,0.5505083454647369,0.9694625977685979,0.9415156738580773,1.1617591337024673
152:-0.6453021495502026,-0.7108586503440342,-0.6829485266926341,-0.6806687598787055,-0.5910545483371836,-0.6929898595538,10.897382462132095,-0.4151999817897878,-0.6615899340506248
153:0,0,0,0,0,0,0,0,0
154:0.9282079732317426,0.801270933978743,0.9963309461593848,21.680142076369517,0.7990900874318182,-0.3248996381549123,1.075759166249854,0.8400353909623056,0.8114063972612884
155:21.170652201275775,0.6413930501053439,0.5004340191500747,0.6239199574617414,0.6295592949736787,0.5519735328682552,0.5003259221065993,0.52222693830623,0.5269349511192614
156:0,0,0,0,0,0,0,0,0
157:0,0,0,0,0,0,0,0,0
158:-0.47258820943069,-0.41619603038769026,-0.5042182494401592,13.164145987004984,-0.41577324520746417,-1.070323254716456,-0.4184320040050448,-1.0125619180819967,-1.1040927725154785
159:0,0,0,0,0,0,0,0,0
160:0,0,0,0,0,0,0,0,0
161:0,0,0,0,0,0,0,0,0
162:0,0,0,0,0,0,0,0,0
163:0,0,0,0,0,0,0,0,0
164:0,0,0,0,0,0,0,0,0
165:0,0,0,0,0,0,0,0,0
166:0,0,0,0,0,0,0,0,0
167:0,0,0,0,0,0,0,0,0
168:0,0,0,0,0,0,0,0,0
169:0,0,0,0,0,0,0,0,0
170:0.6745763781253307,0.6281055515791716,0.5276451071540537,0.6213979543866115,0.5270737572256077,0.9617777581788564,0.5979454253384014,0.44575195277327617,21.22516251690075
171:0.5837093045705202,0.5349851881972258,0.8420615175702196,0.4934814049253876,0.5452747561098378,21.1570782972073,0.5130072686073228,0.5135249186657912,0.605116223775564
172:0,0,0,0,0,0,0,0,0
173:-1.6306518076035306,-1.5851358064484975,-1.6323565705882346,-1.1864458242304838,1.1993081412436277,-0.6199400363788778,1.2100052094111218,21.390826991237322,0.9945757803158273
174:3.1021049119946107,1.3665847872208565,3.466653241278002,1.8039838465970097,3.3842908463906256,2.2224637511680907,1.625449900562217,22.24822545182306,1.899032832401044
175:0,0,0,0,0,0,0,0,0
176:0,0,0,0,0,0,0,0,0
177:0,0,0,0,0,0,0,0,0
178:0.8960304583336415,0.9407164537760097,0.9665408696431214,1.4605218965250415,0.9018333563415145,-0.13875178591800733,21.717022577630548,0.8876322966797163,0.8733434247183857
179:1.0842404657742644,0.761087871198147,0.5159349154840048,21.31162819295138,0.5966428670724424,0.5253722652999432,0.6378275052885621,0.6118898739341088,0.49328450977801475
180:0,0,0,0,0,0,0,0,0
181:0,0,0,0,0,0,0,0,0
182:-0.38281366977267256,-0.37195288893563816,-0.38527056074215404,11.855376667186787,-0.36815259865287714,-0.9136872155245872,-0.40489372614825075,-0.8787795492463999,-0.9309027989419525
183:0,0,0,0,0,0,0,0,0
184:0,0,0,0,0,0,0,0,0
185:0,0,0,0,0,0,0,0,0
186:0,0,0,0,0,0,0,0,0
187:0,0,0,0,0,0,0,0,0
188:0,0,0,0,0,0,0,0,0
189:0,0,0,0,0,0,0,0,0
190:0,0,0,0,0,0,0,0,0
191:0,0,0,0,0,0,0,0,0
192:-0.08711617260904014,-0.10490973382958275,-0.078487291866777,-0.09797889985250095,-0.07481720557565229,0.48317517828441175,-0.0898793069398963,-0.06887639993461603,12.185185106414087
193:-0.0874220010285266,-0.06920433515247196,0.48909514232154644,-0.06270691019341493,-0.07968529507395797,12.113023446252477,-0.06605174619926354,-0.07050034253207323,-0.09131061170694348
194:0,0,0,0,0,0,0,0,0
195:0,0,0,0,0,0,0,0,0
196:0.9968641832902874,0.9153425073056449,0.8677442456479588,0.03884688019745677,0.8899360785265782,22.243862327466154,0.004312838770597304,1.2241132087657478,1.3838821978044968
197:0.0794708182838091,1.663361572601891,22.54830630288026,0.0814384840699204,2.0496127774812574,2.1431607697872166,1.9481142938954776,0.2504955935223944,2.0813417767047033
198:-0.12671204447207746,19.103135074636825,-0.10771284248102332,-0.9394469761489445,-0.16032788363291034,-0.6812901980826034,-1.2320191258598923,-1.0549266177447223,-0.9737811043564695
199:0,0,0,0,0,0,0,0,0
200:0,0,0,0,0,0,0,0,0
201:2.5526245960455616,22.658419020918995,3.5156428931040584,3.0319063751279383,3.0003870273229682,0.6332321447645717,3.225553273116897,3.186609166822185,3.1870401536329838
202:0,0,0,0,0,0,0,0,0
203:0,0,0,0,0,0,0,0,0
204:0,0,0,0,0,0,0,0,0
205:0,0,0,0,0,0,0,0,0
206:0,0,0,0,0,0,0,0,0
207:0,0,0,0,0,0,0,0,0
208:0,0,0,0,0,0,0,0,0
209:0,0,0,0,0,0,0,0,0
210:0,0,0,0,0,0,0,0,0
211:0,0,0,0,0,0,0,0,0
212:0,0,0,0,0,0,0,0,0
213:0,0,0,0,0,0,0,0,0
214:0,0,0,0,0,0,0,0,0
215:0,0,0,0,0,0,0,0,0
216:-0.14785216772283089,-0.1777959876523746,-0.17679160416472212,-0.16629522087570234,-0.1873780502506088,0.39714453254921855,-0.17951768066810564,-0.16028574441481275,11.162543149727972
217:-0.18488520156962399,-0.19591663211231847,0.364588490299646,-0.1672059722343064,-0.17365927734339326,11.05622270548307,-0.17857037062523956,-0.15700551837742896,-0.18860520374653017
218:-0.6472037180905033,-0.6447207229464118,-0.648402646798986,-0.6481472512806201,-0.6404499718995597,6.312111616711938,-0.6408124716931437,-0.8241151452128035,-0.6303615581906323
219:0,0,0,0,0,0,0,0,0
220:0.6866302923687108,0.8402624706341858,0.7908659569700786,-0.0891890459507842,0.7228669499798386,0.8143681914500034,-0.10944039157736984,1.1059623729827537,22.27863299100118
221:-0.17169006336292023,1.3523658234532345,1.0376119105094004,-0.14004261319777933,1.4240883260989023,22.531963225538938,1.3610338562020103,-0.17670034190071945,1.4467428466031151
222:0,0,0,0,0,0,0,0,0
223:0,0,0,0,0,0,0,0,0
224:0.6746218178174025,0.6832853834508043,0.6266795071257563,0.6616775025663945,0.6627727790074714,0.842302033177723,0.8745221403457756,21.98875747259561,0.675925415755978
225:0,0,0,0,0,0,0,0,0
226:0,0,0,0,0,0,0,0,0
227:0,0,0,0,0,0,0,0,0
228:0,0,0,0,0,0,0,0,0
229:3.103822333923027,-0.37471939328057163,-0.225784022240225,22.655054895565364,2.9030994714111436,0.47008021020128915,3.351697680818277,3.0512682254944634,3.2085506199281735
230:0,0,0,0,0,0,0,0,0
231:0,0,0,0,0,0,0,0,0
232:-0.35349430998445597,-0.3983948271443723,-0.3835319117802769,-0.5291129326261038,-0.36342258921572435,-1.0555397940166424,12.930106236589452,-0.32312549890757364,-1.0312332746350534
233:-0.5245225312865263,-0.34895236829521764,-1.8677996497773484,20.073950481337686,0.2999921418772211,-1.7490494467721265,0.2500770305243377,-0.8303197522238546,0.22836779087426687
234:0,0,0,0,0,0,0,0,0
235:0,0,0,0,0,0,0,0,0
236:0,0,0,0,0,0,0,0,0
237:0,0,0,0,0,0,0,0,0
238:0,0,0,0,0,0,0,0,0
239:0,0,0,0,0,0,0,0,0
240:0,0,0,0,0,0,0,0,0
241:-0.756541921148654,-0.885182725028671,-0.8244420362132053,-0.7327561236676879,-0.7487155489633758,7.378575535490875,-0.7540101499895975,-0.734484384699501,-0.7294660161163722
242:-0.15898498964166058,-0.14987889529461232,-0.17147869495634974,-0.19329799500010997,-0.18448166900747384,12.163286104627316,-0.15157188031503466,-0.22222923087372964,0.5619181602180441
243:-0.17182885668778908,-0.13466573831075024,0.610200615584674,-0.16947180504264553,-0.16584655715472482,10.64821679308709,-0.19585287667069246,-0.16392027200684522,-0.20971013675727093
244:0,0,0,0,0,0,0,0,0
245:0,0,0,0,0,0,0,0,0
246:3.474706208923,0.47615009062566455,3.2119080172817944,0.16280505500369236,3.6037229042107684,22.520953386633895,0.07969714365833815,2.5562184198689377,1.9136667985752258
247:-0.02223092433157712,1.274123320319961,22.142103838907044,-0.04407985216215204,1.087846187173184,0.7986097810699453,1.0053026783622847,0.951948610408462,1.094552757569926
248:0,0,0,0,0,0,0,0,0
249:0,0,0,0,0,0,0,0,0
250:0,0,0,0,0,0,0,0,0
251:1.1590141621832635,21.689209680384256,0.8271297930894952,0.8616860673109806,0.5796481322808769,0.5267897881452255,0.8381346954098515,0.6844160915496136,0.7130426897235055
252:0,0,0,0,0,0,0,0,0
253:0,0,0,0,0,0,0,0,0
254:1.0135138402991544,0.9320726145003471,1.1872570829076001,22.2742364321659,1.100115197233324,-0.21870416908126686,1.286993037440959,-0.5861249257129943,-0.3820952421657342
255:0,0,0,0,0,0,0,0,0
256:0,0,0,0,0,0,0,0,0
257:0,0,0,0,0,0,0,0,0
258:-0.357435944416003,-0.8304823252817806,-0.2648954747267906,16.690509387600354,-0.2844251752563292,-1.1873621897987636,-0.5908786083439448,-0.5193564925745229,-1.153335141644546
259:9.290201689219307,-0.33755463516593653,-0.7605002560461117,-0.4640892558747245,-0.3546283799651812,-0.8142538839355037,-0.31827823360544566,-0.35745730849832735,-0.42130324553495035
260:0,0,0,0,0,0,0,0,0
261:0,0,0,0,0,0,0,0,0
262:0,0,0,0,0,0,0,0,0
263:0,0,0,0,0,0,0,0,0
264:0,0,0,0,0,0,0,0,0
265:0,0,0,0,0,0,0,0,0
266:-0.04981381426440719,-0.07496497268958575,-0.05759328736255257,-0.07057279630346981,-0.05094682539341587,13.297156888428015,-0.05175384169297363,-0.10489692282380238,0.5924902456503267
267:-0.07642072837565449,-0.050244469658441496,0.626889272758545,-0.09909184971228685,-0.11389646437793684,11.76509503821606,-0.11761937381104016,-0.08423012254685827,-0.10008268775614618
268:0,0,0,0,0,0,0,0,0
269:-1.7955666493603106,-1.6308687875198706,-1.5898022913848933,-1.1989589694805527,1.491386938415037,-0.71482938983116,1.3808608432139196,21.532080643314597,1.4148474344112936
270:3.639394356382289,1.6482290841746412,3.8598927082998156,0.41596119304397267,3.646594773130174,2.729860512968546,0.21973957011117265,2.743982507635857,22.622479876113623
271:0.04240645395035469,1.731125088688058,1.257934336668132,-0.023652888415892307,1.274166847613125,22.264622524531575,1.0191643435790418,1.2766744167433133,1.0767405692497585
272:0,0,0,0,0,0,0,0,0
273:0,0,0,0,0,0,0,0,0
274:1.1619525491052893,1.0841390255260808,1.0624442918798174,1.3416035037267529,1.038572696871231,-0.07774754668293596,1.1061663037006728,22.09779695375809,1.1753186097408064
275:0,0,0,0,0,0,0,0,0
276:0,0,0,0,0,0,0,0,0
277:0,0,0,0,0,0,0,0,0
278:0,0,0,0,0,0,0,0,0
279:0,0,0,0,0,0,0,0,0
280:0,0,0,0,0,0,0,0,0
281:0,0,0,0,0,0,0,0,0
282:0,0,0,0,0,0,0,0,0
283:0,0,0,0,0,0,0,0,0
284:0,0,0,0,0,0,0,0,0
285:0,0,0,0,0,0,0,0,0
286:0,0,0,0,0,0,0,0,0
287:0,0,0,0,0,0,0,0,0
288:0,0,0,0,0,0,0,0,0
289:0,0,0,0,0,0,0,0,0
290:0,0,0,0,0,0,0,0,0
291:0,0,0,0,0,0,0,0,0
292:0,0,0,0,0,0,0,0,0
293:0,0,0,0,0,0,0,0,0
294:0,0,0,0,0,0,0,0,0
295:0,0,0,0,0,0,0,0,0
296:0,0,0,0,0,0,0,0,0
297:0,0,0,0,0,0,0,0,0
298:0,0,0,0,0,0,0,0,0
299:0,0,0,0,0,0,0,0,0
300:0,0,0,0,0,0,0,0,0
301:1.1073966683132792,22.196455520913158,1.0421092599797006,-0.09611763166710942,1.2359587692521812,1.4569481261940127,1.1985782572323582,1.1644033973084513,1.1103631325091365
302:0,0,0,0,0,0,0,0,0
303:0,0,0,0,0,0,0,0,0
304:1.2165461294126008,1.080566910133944,1.1747819420940344,22.22863156501023,1.1026730860910277,0.02889210987117944,1.2654980627450758,1.5452396591522812,0.047129758763875214
305:22.587384831557248,2.7400415864853813,0.3988824504342447,2.9930156047769425,3.6322248233406977,0.2507227302867185,3.4375243786515406,1.5541515176445098,3.609097348898134
306:1.2914082211145117,21.50073877523749,1.4581765673138547,-0.41464631367989224,1.3998459217801567,-1.1999776331908119,-1.4547706667231382,-1.5556235417195132,-1.6635746549542567
307:0,0,0,0,0,0,0,0,0
308:-0.0871399199988697,-0.06974129248227279,-0.06117275829881939,0.47571632361154503,-0.0864181864039293,-0.05564720041589779,13.286950287822219,-0.09195380620371071,-0.06993942906023567
309:11.788884066054518,-0.06381256897752072,-0.08363482969586139,0.7583992494188315,-0.07162915230823373,-0.06813962762150615,-0.07258346728137877,-0.08494999742653772,-0.0796419764505903
310:0,0,0,0,0,0,0,0,0
311:0,0,0,0,0,0,0,0,0
312:0,0,0,0,0,0,0,0,0
313:0,0,0,0,0,0,0,0,0
314:0,0,0,0,0,0,0,0,0
315:0,0,0,0,0,0,0,0,0
316:-0.3710479252075849,-0.3413368355684473,-0.402129998100132,-0.7981197134986378,-0.3566449782745488,-0.4859456803776361,-0.7099104973262861,-0.3297205374431532,9.604645001253312
317:-1.1218565992541798,-0.4768696035975959,-0.6822842015863819,-1.1823746201388525,-0.37672785431588013,16.64045614946353,-0.37670962451358403,-0.7945442961054413,-0.35345652167422587
318:0,0,0,0,0,0,0,0,0
319:0,0,0,0,0,0,0,0,0
320:0,0,0,0,0,0,0,0,0
321:-0.41021506357357457,-0.6163546107450102,1.2125588433170362,-0.13416640776332478,1.214312706747927,22.35159507422721,1.1942033226145836,1.3868113154907813,1.2003391891267308
322:0,0,0,0,0,0,0,0,0
323:0,0,0,0,0,0,0,0,0
324:0.6848197850962829,0.7001451679065944,0.6820362069131313,0.731708522569841,0.885480357567777,0.8131416068484935,0.6800979529381431,21.7966483283283,1.0782510686450295
325:0,0,0,0,0,0,0,0,0
326:0,0,0,0,0,0,0,0,0
327:0,0,0,0,0,0,0,0,0
328:0.8882870113166419,1.0523125893742744,1.0753871569400213,0.9306917940194142,0.9877095744368812,-0.12014917448538401,22.097917396427817,1.2555966949581068,-0.09925607710704186
329:2.0967921291200593,2.4423338753135213,0.14999340185417911,22.52780713854968,3.0970352254587774,-0.06572512640904278,3.2006038183441845,0.6628846615891207,3.3459711737364803
330:0,0,0,0,0,0,0,0,0
331:0,0,0,0,0,0,0,0,0
332:-0.1526848540905842,-0.1651963627732599,-0.12139522401206897,0.42805294044347797,-0.12692302119014298,-0.19385120546334483,12.741527629010426,-0.15488795300913163,-0.15880043012731082
333:10.682823332730099,-0.1581571421106398,-0.13575296988834182,0.6569048829016884,-0.16361291395803856,-0.1635954403593608,-0.16775559656452596,-0.13654259277501274,-0.15502589274220596
334:-0.6870964005956672,-0.7091223108854705,-0.7193014882470955,7.430794238396579,-0.7055831275591424,-0.7011505911199982,-0.9467703421046956,-0.8146330292921452,-0.6933404136766904
335:0,0,0,0,0,0,0,0,0
336:0,0,0,0,0,0,0,0,0
337:0,0,0,0,0,0,0,0,0
338:0,0,0,0,0,0,0,0,0
339:0,0,0,0,0,0,0,0,0
340:0,0,0,0,0,0,0,0,0
341:0,0,0,0,0,0,0,0,0
342:0.2880087612749122,-0.7300743485585115,0.4528228202881935,-1.7114080140989907,0.19153348728008623,20.183373868254176,-1.8721737084864296,-0.3589151387465923,-0.5470405348154007
343:-1.123550682686205,-0.26555288089706225,12.989680202271675,-1.0895867743750975,-0.3936746454518447,-0.513511447083593,-0.40454985234132074,-0.3887657397142548,-0.4301139511280169
344:0,0,0,0,0,0,0,0,0
345:0,0,0,0,0,0,0,0,0
346:3.0804904776204487,3.21441428555052,3.0463261419071186,0.5509592726571623,2.979729456998284,22.653996557885986,-0.15810892703534463,-0.39066984397585497,2.8734322769963536
347:0,0,0,0,0,0,0,0,0
348:0,0,0,0,0,0,0,0,0
349:0,0,0,0,0,0,0,0,0
350:0,0,0,0,0,0,0,0,0
351:0.5663814695689491,22.028213815093235,1.0696022763399702,0.644477527830336,0.5488043143143391,0.6848645585022141,0.5861962784190459,0.5967216700103422,0.5632122955417967
352:0,0,0,0,0,0,0,0,0
353:0,0,0,0,0,0,0,0,0
354:1.381049778792895,-0.10243426151009181,1.3623803592891746,22.570269999429556,1.4209126478793324,-0.12093565174647465,1.1662580886945009,1.2125474784149495,-0.12172104795740694
355:22.263584465077578,0.8567819318852584,-0.11586391447823585,0.7338360005547102,0.8530463895200201,-0.09732155455777954,0.856852128925668,0.819830115070258,0.8584469751907343
356:0,0,0,0,0,0,0,0,0
357:-0.7113653418038329,-0.78203260579658,-0.613808907186439,6.44991257534744,-0.6096709925663965,-0.6030005405767486,-0.6060864932567466,-0.6023771441366214,-0.6093513097899591
358:-0.14517489844904058,-0.10948585018323205,-0.13074583662843964,11.345848995590277,-0.14237579519482327,-0.1604415015776046,0.2890637158118476,-0.1383784326826347,-0.16708747496837167
359:11.055370694201992,-0.1872534730024761,-0.14123411982505948,0.33548720805894267,-0.10180416914890225,-0.11346171705770701,-0.14645412625943835,-0.1614406452081031,-0.13843187825683267
360:0,0,0,0,0,0,0,0,0
361:0,0,0,0,0,0,0,0,0
362:0,0,0,0,0,0,0,0,0
363:0,0,0,0,0,0,0,0,0
364:0,0,0,0,0,0,0,0,0
365:0,0,0,0,0,0,0,0,0
366:0,0,0,0,0,0,0,0,0
367:0,0,0,0,0,0,0,0,0
368:0,0,0,0,0,0,0,0,0
369:0,0,0,0,0,0,0,0,0
370:0,0,0,0,0,0,0,0,0
371:0,0,0,0,0,0,0,0,0
372:0,0,0,0,0,0,0,0,0
373:0,0,0,0,0,0,0,0,0
374:3.508715086165356,3.2040997831255407,3.311861794971572,0.665983433246913,3.3494921791230734,3.115463106868458,3.4520943841544076,22.738165702425768,2.5333250416947064
375:0,0,0,0,0,0,0,0,0
376:0,0,0,0,0,0,0,0,0
377:-0.8971742692879835,-0.9632442548583691,-1.2491549148932395,-0.6264857974837982,-0.11712817231752028,-1.0150041664055203,-0.1565844316187608,19.038985168308372,-0.21757626349535666
378:1.8917353432930448,0.15532606734261453,1.7460098744691184,2.247517005180472,1.7348496196517205,-0.014776177214947577,22.53578782005921,1.6921317498842867,-0.0031725243098587198
379:1.5021720454483956,1.352434022108221,-0.01732792638242217,22.31283224880874,1.3452848179355557,-0.02912385855917088,1.1032519964399432,1.0808267771696312,1.148718111610752
380:0,0,0,0,0,0,0,0,0
381:0,0,0,0,0,0,0,0,0
382:-0.07937292198132516,-0.0727436223401653,-0.08477762118486913,12.216366496326048,-0.05501244549182606,-0.06509735152655396,0.34464378128911743,-0.08430491139253278,-0.08128174370974744
383:0.44070480101090415,-0.0908602907705103,-0.10613949592839939,11.575993232686654,-0.09050193365490675,-0.09663850212634591,-0.11041374838138396,-0.09645087634864677,-0.11471235417323797
384:0,0,0,0,0,0,0,0,0
385:0,0,0,0,0,0,0,0,0
386:0,0,0,0,0,0,0,0,0
387:0,0,0,0,0,0,0,0,0
388:0,0,0,0,0,0,0,0,0
389:0,0,0,0,0,0,0,0,0
390:0,0,0,0,0,0,0,0,0
391:0,0,0,0,0,0,0,0,0
392:0,0,0,0,0,0,0,0,0
393:-1.1097283766662864,-0.9522380569815393,-0.26747153934451,-0.9741013830418509,-0.4015073267263311,14.861131467887786,-0.32098736005499556,-0.3370482207638826,-0.33795248716071913
394:0,0,0,0,0,0,0,0,0
395:0,0,0,0,0,0,0,0,0
396:0.6608874787862951,0.6306262705001807,0.5649302594585055,0.5934601164347714,0.779079594238488,21.154358899048923,0.6747993420036177,0.7162423547798441,1.099869583342467
397:0.9194122666654501,0.8574874393257012,21.71095410892942,-0.15041383612773726,0.9746262275047441,1.446299796059052,1.0750589998445719,1.236326623787114,0.9313521114974941
398:0,0,0,0,0,0,0,0,0
399:0,0,0,0,0,0,0,0,0
400:0,0,0,0,0,0,0,0,0
401:1.8579720118910958,22.177609555901494,1.947268662926232,2.110595241852214,3.2907484153134767,1.7527117348963146,3.618006165357906,1.369508347888351,3.2759688140657017
402:1.1384616228698154,21.33819124145856,1.1791137615292004,-0.5095649250801934,1.215057307138703,-1.1745345476536062,-1.5529720774174391,-1.4689915113462042,-1.5486465230914503
403:0,0,0,0,0,0,0,0,0
404:0.5620204957020233,0.6295065416436314,0.5615070146695955,21.0813965097388,0.6918866495398764,0.7172389489782895,0.975334462709951,0.5124149042906415,0.4171634606449632
405:21.149483393129383,0.5726265750267799,0.641818569913363,1.1800942932764573,0.5909886242240289,0.5280491074787008,0.6982272069470389,0.5842711188283727,0.6596951179144799
406:0,0,0,0,0,0,0,0,0
407:0,0,0,0,0,0,0,0,0
408:0,0,0,0,0,0,0,0,0
409:0,0,0,0,0,0,0,0,0
410:0,0,0,0,0,0,0,0,0
411:0,0,0,0,0,0,0,0,0
412:0,0,0,0,0,0,0,0,0
413:0,0,0,0,0,0,0,0,0
414:0,0,0,0,0,0,0,0,0
415:0,0,0,0,0,0,0,0,0
416:0,0,0,0,0,0,0,0,0
417:-1.1565382292604387,-1.0359681150404785,-0.36406993117995096,-0.9795657452426074,-0.40491590258849697,15.351646367196965,-0.4784493909984606,-0.43641253137668706,-0.4557152101474156
418:0,0,0,0,0,0,0,0,0
419:0,0,0,0,0,0,0,0,0
420:0.651433986381492,0.5036408337506326,0.589774019131374,0.5257111716120246,0.5117851356645688,0.7416001547505156,0.634941535017187,0.6171258900593272,21.2059531023445
421:0.8568476148160667,0.8029078358544562,1.118845485257512,-0.22799559131883865,0.9625989557026386,21.736697216318476,0.8339134361204382,0.8405661579820426,0.9410596495134338
422:0,0,0,0,0,0,0,0,0
423:-0.6569660646032944,-0.4868852090806366,11.303887143466008,-0.590042550547615,-0.6598169345333907,-0.5937049084855424,-0.6319603903512079,-0.6538773254293031,-0.6998221512300945
424:0.8875920409109117,0.7991566216230781,0.8803959309302646,0.6416824901080842,0.86897605766146,0.8218539617030626,0.7936342253828129,21.5371685051154,0.5863635526813732
425:0,0,0,0,0,0,0,0,0
426:2.663505507818523,22.07948078952442,2.569066379615008,0.08453915604356615,2.418221100332793,-0.8533442816564291,-0.6116897555152392,-0.725118445508428,-0.8745197266612164
427:-0.4991771124162358,11.169164844305621,-0.6668346867283701,-0.6514725672878373,-0.6290729935321183,-0.6549178655154912,-0.6483695944614662,-0.6531868641816967,-0.6329122750222759
428:0.5781771161242859,0.5765136871251244,0.5541889500857354,0.715435509065206,0.4684836601377524,0.5579329092293003,21.23754746369853,0.40091328712419677,0.4156355852492666
429:0.6512294128857424,0.5651937056640959,0.5638024048402397,21.175984587424896,0.5346305173618217,0.5693139565599045,0.3376729157352156,0.36016729243132334,0.42201109304554973
430:0,0,0,0,0,0,0,0,0
431:10.686418783575375,-0.4786499322854172,-0.522233507498873,-0.5453549019621464,-0.47646771531594134,-0.5298908435656108,-0.6198666189185117,-0.5544832181758031,-0.5661184138631866
432:0,0,0,0,0,0,0,0,0
433:0,0,0,0,0,0,0,0,0
434:0,0,0,0,0,0,0,0,0
435:0,0,0,0,0,0,0,0,0
436:0,0,0,0,0,0,0,0,0
437:0,0,0,0,0,0,0,0,0
438:0,0,0,0,0,0,0,0,0
439:0,0,0,0,0,0,0,0,0
440:0,0,0,0,0,0,0,0,0
441:0,0,0,0,0,0,0,0,0
442:0.4109563536074873,0.3505100666823049,0.2547497470395106,-1.227714251029776,0.2687442577298996,20.112918059449427,-1.621339181788214,-1.0920115339616054,0.29117436708116173
443:0,0,0,0,0,0,0,0,0
444:-0.5731421549535078,-0.50006359093566,-0.49466131899527305,-0.5285010626207266,-0.5228265780852356,-0.591574920036621,-0.501998856761641,-0.4245015082559633,8.839542870310693
445:0,0,0,0,0,0,0,0,0
446:2.5804571994021663,2.5727591355145405,2.5436300250737807,0.6182298741286647,2.6670213097767146,22.032864590521427,2.5882683281592516,1.6656859343277615,2.258391327729182
447:0.7766162937567784,0.9939465108356256,21.307471809330664,0.6678499239699129,0.6586664141668936,0.8193471798586005,0.6660628443726079,0.7663005995165098,0.6111383462019524
448:-0.48912358722213334,-0.5344225474389345,-0.522537046275757,-0.4903398515927498,-0.5440074375111211,-0.5927504621760916,-0.4393190827539054,8.912573517215696,-0.5141012519611999
449:-0.6683372395675343,-0.6096113831965533,-0.8230118766254386,-0.21221198497271315,0.8628453265314796,-0.8014269049792205,0.9795717655012043,21.86916857142613,0.714924813205631
450:0,0,0,0,0,0,0,0,0
451:1.1992999907665491,21.779562013524277,0.8186821497878514,0.8093766857937826,1.1336224108292519,0.6521432644053188,1.1523894290171766,1.1201579891222313,0.8386571417438441
452:-0.547353985421509,-0.49610768991422716,-0.4441133236262472,-0.4304141787910314,-0.46923942028494603,-0.53688852820568,8.58805755554758,-0.48298821048276935,-0.47167657108523453
453:0,0,0,0,0,0,0,0,0
454:0.5259837332432941,0.44005777452001993,0.31819256070679436,20.93843036764891,0.5084726440644505,0.5375102180945033,0.6100376390531407,0.6088315645433091,0.46487613510168174
455:21.094303130714316,0.4475204426969145,0.47806957491201174,0.7942100125024943,0.4307027667155305,0.3824559905012419,0.5185981664419059,0.44728469902059365,0.5569357155064887
456:0,0,0,0,0,0,0,0,0
457:0,0,0,0,0,0,0,0,0
458:0,0,0,0,0,0,0,0,0
459:0,0,0,0,0,0,0,0,0
460:0,0,0,0,0,0,0,0,0
461:0,0,0,0,0,0,0,0,0
462:0,0,0,0,0,0,0,0,0
463:0,0,0,0,0,0,0,0,0
464:0,0,0,0,0,0,0,0,0
465:0,0,0,0,0,0,0,0,0
466:0.49214604430575987,0.5562567319603907,0.7774713382902849,-1.2872648109818603,0.7080912565395687,20.858221570381417,-1.5793857168250787,-1.1123412110803352,0.5437011216914195
467:0,0,0,0,0,0,0,0,0
468:0,0,0,0,0,0,0,0,0
469:0,0,0,0,0,0,0,0,0
470:2.7530865707972825,2.728437462715005,2.9738556255090765,0.7599372540029122,2.969609798005736,2.9936327235597373,3.0775527759360375,1.8947233380462836,22.224373917206314
471:0.7654630931317513,0.8832699466717878,1.0666273243825135,0.6503297895468625,0.6613799999085024,21.401919208017457,0.6457671872098822,0.6279108374766899,0.5105852753055932
472:0,0,0,0,0,0,0,0,0
473:-0.9498594225928753,-0.9069950588598188,-1.259999600877195,-0.6306660743412055,-0.13108020890875208,-1.0810689088060879,-0.06505087251064717,19.860329706129356,-0.17698287180029082
474:1.8948852523201245,0.256022605312735,1.9518513822640648,1.7969505499556941,1.8506998289293362,1.1154443257652513,1.2087310193007677,22.17453392808905,0.7815874400524204
475:0,0,0,0,0,0,0,0,0
476:0,0,0,0,0,0,0,0,0
477:0,0,0,0,0,0,0,0,0
478:0.4680862772740052,0.6130380665304395,0.4537391771160116,0.838874904009531,0.42770079782368065,0.5791530298480202,21.071983071149372,0.436224714136894,0.5586325755279811
479:0.7692544226873888,0.6137046774754538,0.5252377975056034,21.277488932174403,0.45840498082634323,0.6209656511527923,0.39144115872240753,0.5088748908482503,0.6084103430285301
480:0,0,0,0,0,0,0,0,0
481:0,0,0,0,0,0,0,0,0
482:0,0,0,0,0,0,0,0,0
483:0,0,0,0,0,0,0,0,0
484:0,0,0,0,0,0,0,0,0
485:0,0,0,0,0,0,0,0,0
486:0,0,0,0,0,0,0,0,0
487:0,0,0,0,0,0,0,0,0
488:0,0,0,0,0,0,0,0,0
489:0,0,0,0,0,0,0,0,0
490:0,0,0,0,0,0,0,0,0
491:0,0,0,0,0,0,0,0,0
492:-0.043914034884991515,-0.06969394999374777,-0.04227264987663319,-0.06909937639367167,-0.06211219522877589,0.5793630856340635,-0.06883865698960165,-0.032741743129029374,13.513187913812027
493:-0.002599912149808402,-0.104103085509918,0.8090685862731027,-0.6591828609638839,-0.0337436073488246,16.23842150517222,-0.026237604322064977,-0.057241477045230735,-0.023462765633480993
494:0,0,0,0,0,0,0,0,0
495:0,0,0,0,0,0,0,0,0
496:1.008843328679021,0.9543378474955769,0.9073058149233136,0.05925353326419784,1.038591698950998,22.18266934965117,0.1618954598283127,1.3519057724049917,0.74526285545641
497:0.5134834955801202,2.8983308835570094,22.641084450389958,0.8393949096653642,4.150228688408056,2.5529776338633647,4.003900979932887,1.7177445577909216,4.0296595972598075
498:1.542852112109984,21.55673174452838,1.5737671571796825,-0.576290412975694,1.4207934604123647,-1.1897112387937219,-1.554632518887345,-1.5893810107293558,-1.6951655129417256
499:0,0,0,0,0,0,0,0,0
500:0,0,0,0,0,0,0,0,0
501:0.8422577560576943,21.818580623989153,0.5570930952667008,1.1008488827410705,0.6722220796467497,0.7458457740809407,0.7347946948842654,0.73596771353629,0.7376868943329756
502:0,0,0,0,0,0,0,0,0
503:0,0,0,0,0,0,0,0,0
504:0,0,0,0,0,0,0,0,0
505:0,0,0,0,0,0,0,0,0
506:0,0,0,0,0,0,0,0,0
507:0,0,0,0,0,0,0,0,0
508:0,0,0,0,0,0,0,0,0
509:0,0,0,0,0,0,0,0,0
510:0,0,0,0,0,0,0,0,0
511:0,0,0,0,0,0,0,0,0
512:0,0,0,0,0,0,0,0,0
513:0,0,0,0,0,0,0,0,0
514:0,0,0,0,0,0,0,0,0
515:0,0,0,0,0,0,0,0,0
516:-0.07656129377305967,-0.07194417552184121,-0.045813255473662814,-0.055711805646263865,-0.04730043306865568,0.5669603031641749,-0.04892225211964132,-0.05953784542505071,13.23184624441004
517:-0.07970113441798862,-0.07897988258904251,14.786289425083702,-0.620493531111983,-0.06267026545135844,0.8368228424024955,-0.09877430797315162,-0.08650134828195188,-0.051939637347055784
518:-1.1411173667825771,-1.0159083645336393,-1.082225329413884,-1.2661846867195352,-1.0784274592108345,15.405965656881051,-1.1257157934983362,-1.5640265778763,-1.680440317995393
519:0,0,0,0,0,0,0,0,0
520:1.1597459148751847,1.1785276225586632,1.241867540711885,0.0896146926313591,1.170268258782656,0.9880365907863944,0.12761580747651116,1.6912651601892452,22.279011883678105
521:0.48573822243355863,2.8671529066595656,2.6625343987155006,0.5793087779699954,3.769965706377549,22.639883941216542,3.751596457055848,0.6632091292059243,4.014638440390779
522:0,0,0,0,0,0,0,0,0
523:0,0,0,0,0,0,0,0,0
524:0.7703425138671507,0.9589872996756665,0.7710912460118028,0.9349836899188554,0.7772184765334551,0.6796414763062115,1.0608629406861543,21.811507697091017,0.7805756090954702
525:0,0,0,0,0,0,0,0,0
526:0,0,0,0,0,0,0,0,0
527:0,0,0,0,0,0,0,0,0
528:0,0,0,0,0,0,0,0,0
529:0,0,0,0,0,0,0,0,0
530:0,0,0,0,0,0,0,0,0
531:0,0,0,0,0,0,0,0,0
532:0,0,0,0,0,0,0,0,0
533:0,0,0,0,0,0,0,0,0
534:0,0,0,0,0,0,0,0,0
535:0,0,0,0,0,0,0,0,0
536:0,0,0,0,0,0,0,0,0
537:0,0,0,0,0,0,0,0,0
538:0,0,0,0,0,0,0,0,0
539:0,0,0,0,0,0,0,0,0
540:0,0,0,0,0,0,0,0,0
541:-1.054516083350403,-1.2489807121048624,-1.3299454734651057,-1.3314655114035485,-0.965346652824838,14.665662309846251,-1.0157312718492002,-1.0179437573780834,-1.0122489621975896
542:1.2657111862620676,1.4005683293788618,1.416591753875914,-0.3108864904819,1.3906171722842973,21.41143531808043,1.4607829255749827,0.2985635767126028,2.6320775420823015
543:-0.07186590371109469,0.08977401951494896,13.537356291793749,-0.07875284066125578,-0.06756203664819131,0.7189121836340543,-0.08243266355069065,-0.08249889528160319,-0.03453159698250359
544:0,0,0,0,0,0,0,0,0
545:0,0,0,0,0,0,0,0,0
546:3.42332369678719,0.2324365288241558,3.0792905243690747,1.5446137894571017,3.3416536302457733,22.53686899378021,0.41884246602839964,2.5258173833059585,2.117559075176476
547:0.6068831478075992,1.5530323216938142,22.242224376150244,0.14777097005826245,1.3884136489847667,1.00072028107376,1.5232795117624003,1.4311180573828115,1.45173746478014
548:0,0,0,0,0,0,0,0,0
549:0,0,0,0,0,0,0,0,0
550:0,0,0,0,0,0,0,0,0
551:1.123468563427722,21.581996697713066,0.7261143053339042,0.8998493983111996,0.7132907325482604,0.7280823205723942,0.8308720150553993,0.8230398035803623,0.5826699334135924
552:0,0,0,0,0,0,0,0,0
553:0,0,0,0,0,0,0,0,0
554:0,0,0,0,0,0,0,0,0
555:0,0,0,0,0,0,0,0,0
556:0,0,0,0,0,0,0,0,0
557:0,0,0,0,0,0,0,0,0
558:0,0,0,0,0,0,0,0,0
559:0,0,0,0,0,0,0,0,0
560:0,0,0,0,0,0,0,0,0
561:0,0,0,0,0,0,0,0,0
562:0,0,0,0,0,0,0,0,0
563:0,0,0,0,0,0,0,0,0
564:0,0,0,0,0,0,0,0,0
565:0,0,0,0,0,0,0,0,0
566:1.3796807197099,1.3713751131914622,1.110184731901184,-0.29760001322341867,1.2505040982350548,3.248784403639256,1.3487041123817791,0.39245451346546645,21.364372031495716
567:-0.05673087007762921,0.18715344931251315,13.590102707510285,-0.05126646866249432,-0.09899417830404525,0.7433752331510294,-0.08957044994416542,-0.08559462203704261,-0.08025803020181102
568:0,0,0,0,0,0,0,0,0
569:-0.9709174303181304,-1.0191247021106513,-1.2160159335840457,-0.6466847737750159,-0.12701473904447214,-1.061946720559464,-0.05219493577835692,20.114949381077622,-0.0887829757236477
570:2.57139060213991,0.31298504093643814,2.634117379861427,1.0531975036878762,2.5344817794051027,1.6631686208473315,0.3021861727368806,2.3045463804377264,22.504996830837154
571:1.3237983516690912,2.7242360120410556,1.9636056979289582,0.339073253106054,2.5876279731128475,22.573755635662657,2.453012316764305,2.3371160017945254,2.395325587992353
572:0,0,0,0,0,0,0,0,0
573:0,0,0,0,0,0,0,0,0
574:0.6291903820154188,0.6771193464345255,0.8298397278749885,0.9308400981761971,0.6483475607992759,0.6684550146392199,0.8456702355957009,21.59743231476474,0.7161876930753894
575:0,0,0,0,0,0,0,0,0
576:-5.787482823395843,-5.761207595240005,-5.924011623684387,-5.925931525403807,-5.663461499903933,-4.962572721934304,-5.696262969129519,-5.260618003763032,13.422273913220334
577:-5.262914036525108,-5.838194675005124,-4.66989636008956,-5.171472176732575,-5.2520280396744825,13.67767428729658,-5.147068780216512,-5.1771164014700375,-5.150118400805228
578:-6.028449466823212,-6.154969744543395,-6.068599966680981,-6.113358163030686,-6.165340218417449,13.3783558521598,-6.074629846223106,-6.487439634075766,-4.749142168780105
579:-6.6556873205659555,-6.14030714332326,13.122559210176558,-6.533178593368496,-6.573872017125392,-4.919931392674038,-6.575978821488186,-6.599392737154874,-6.446648205040079
580:-4.963342493178928,-4.955822492041115,-4.955488130204383,-5.792534903893016,-5.004905605269986,-4.589997921496044,-5.167052178781511,13.400458320728548,-3.009760124736208
581:-2.3577919314255262,-1.4047943642889862,-1.3133704486617266,-2.1340893253223925,1.3657794555274445,1.9166493795102,1.3461982877004748,14.918755543796179,1.3844056729725547
582:0.013777971202279936,1.2421180513493715,-0.06591878494900817,-3.8793497328269235,0.08581921731389505,14.85556984342785,-4.091305747660067,-1.4295904831947053,-0.016827325472858572
583:-6.407439622751889,-3.842892207291387,14.33271380528318,-7.017992582305033,-5.125057474934697,-4.021151828579095,-5.04345555126615,-5.032377518535099,-5.038918252042171
584:-4.708244743916695,-4.683967842174512,-4.698547578548868,-4.920412716631722,-4.524222388475114,-4.721340071337209,-2.446903040797819,13.793588457264386,-4.812361091152074
585:-1.5219519307987688,-1.7088561472451826,1.7250451960114428,15.731164040135331,1.632674595416168,1.995040464452588,1.4467469311336656,1.7161975596444132,1.7806523571861577
586:3.153331929621657,3.0288776036636333,2.8212714246601522,0.8631417599606894,3.320509117071174,16.276384623030424,-1.2456033208099762,0.10295861780279142,3.099617786753697
587:-3.4468001143443687,14.77563811681586,-4.076376228897811,-4.659389247833007,-4.033199273120349,-4.009764980634584,-3.9939577932896246,-3.924465426055697,-4.110744190074397
588:-3.9924899405689853,-4.125239321113119,-3.9185522017996837,-3.98148216825005,-4.021693267912028,-4.67110975233893,-4.041792106594698,14.658545014617802,-3.4359518837888445
589:3.2301593079466735,0.17865327527731203,-1.0577930602518428,16.11560170363386,3.160963694679188,0.7900958038653139,3.123719130587316,3.179601825882474,2.9852685191718686
590:0.6410920447367335,1.018148148732743,0.901311006474724,1.3592343257276247,0.7647399561379816,16.02935502455757,0.8141959595882861,-1.966284972121754,-2.5418481337120515
591:-4.652398609605327,-2.8349505346680086,13.266761588466816,-4.635266678508336,-4.555985943893118,-5.119993719206351,-4.465159398567742,-4.648185313320972,-4.633816967191017
592:-5.064003390133277,-5.128087045086955,-5.082358210858518,-4.186565022257997,-5.05892072865919,-6.924238109408198,14.287596942716208,-3.8833188684637436,-6.399129244575846
593:0.014374458752208724,-1.6628966394896985,-4.218536307606489,14.650884155136609,0.13123070310854154,-3.717016809794047,0.14994481766250836,1.1898038918888438,0.06723132956591547
594:1.1259877834330059,14.810373968491671,1.416244458984163,1.8432754040320811,1.3382621204543672,-2.0512409745775484,-0.9194872328121143,-1.3751093834621995,-2.304231253331299
595:-3.120109290038414,13.287401146573067,-5.280100307752764,-4.655427959404966,-5.22800099603292,-5.941757331952371,-5.050866728475338,-5.141818902185875,-5.096056032091675
596:-6.547505481830868,-6.637985117348714,-6.463079501578828,-4.86236739127889,-6.507936633196167,-6.411581819977559,13.12802951238476,-6.110785340616986,-6.53264161857962
597:-4.888973711967713,-6.517017033982299,-6.053213425080905,13.34649353737528,-6.014355017749283,-6.08325349622008,-6.148879700342908,-6.024638328505647,-6.115233464673241
598:-5.285043883182602,-5.245245124686072,-5.288886587125866,13.580714583197048,-5.161691751892449,-5.246485760476784,-4.7092156626838495,-5.827769218322148,-5.252566775634676
599:13.332330146399888,-5.193035457965443,-5.6826482907231455,-5.094054809292857,-5.873699319330024,-5.87837332996155,-5.905271695571503,-5.858560615695998,-5.695151736849942
