0:0,0,0,0,0,0,0,0,0
1:13.057174344196204,23.210563144439416,13.620598944314013,13.278728129143373,13.05148996919116,14.438366024290582,13.017994943280733,13.12076188192597,13.185038592819147
2:0,0,0,0,0,0,0,0,0
3:0,0,0,0,0,0,0,0,0
4:14.697630267723536,14.719425144010913,14.829918876333643,23.188239307299394,15.038682623631454,11.845719810098853,14.410500015014007,15.895806965227047,11.91042257806954
5:23.157698222489152,21.108247353716344,18.649635121767624,21.040697377512927,21.44751104520225,18.937752546826452,21.461362038726996,18.57874514141346,21.495809129285853
6:18.544507539886947,22.107909489775402,18.5322410609048,11.84618674982153,18.57687961769952,13.131011474856304,11.07163409811416,11.129348680561792,11.322086828039739
7:0,0,0,0,0,0,0,0,0
8:7.181942089641601,7.238027120245691,7.242407633861358,10.692358408021153,7.2085673803771675,7.277969578878065,22.143376651828778,7.331844897114845,7.347471696238246
9:11.433553633335116,8.256253778038582,8.302236195415295,22.143620987831856,8.62189192245785,4.417607870505895,8.321973762003514,8.416841380406003,8.434156555850995
10:0,0,0,0,0,0,0,0,0
11:0,0,0,0,0,0,0,0,0
12:0,0,0,0,0,0,0,0,0
13:0,0,0,0,0,0,0,0,0
14:0,0,0,0,0,0,0,0,0
15:0,0,0,0,0,0,0,0,0
16:0,0,0,0,0,0,0,0,0
17:0,0,0,0,0,0,0,0,0
18:0,0,0,0,0,0,0,0,0
19:0,0,0,0,0,0,0,0,0
20:0,0,0,0,0,0,0,0,0
21:0,0,0,0,0,0,0,0,0
22:0,0,0,0,0,0,0,0,0
23:0,0,0,0,0,0,0,0,0
24:13.195293999641102,13.051426773425051,12.677001724038076,13.167378827356078,13.034714168213982,14.017124337505575,13.1985091325975,23.191895363930943,14.39074247520039
25:0,0,0,0,0,0,0,0,0
26:0,0,0,0,0,0,0,0,0
27:0,0,0,0,0,0,0,0,0
28:16.88249405449775,17.015635282964492,17.16010073732913,16.545397987803064,16.813184920607213,13.410385135028333,23.225385815540566,17.771749863372992,13.824639228344672
29:20.623893726965093,21.00332109513875,18.03625202862679,23.194441610510825,21.23298767489981,18.287434106722827,21.266052221134434,15.234420306890376,21.200927483309133
30:0,0,0,0,0,0,0,0,0
31:0,0,0,0,0,0,0,0,0
32:7.0753155265252605,6.812908881781388,6.852441690726156,22.11576093278045,6.7373199354430975,6.915523714310608,11.689968316772145,7.235636035319485,6.834763123188838
33:22.102021644323866,7.778693742080466,8.073510200005458,12.793197749842022,7.9636424383196225,4.105833268386149,8.025397708383846,8.177817512088943,8.2664434811671
34:12.03255859324987,11.88603210053892,11.822507815339764,16.30381563266044,11.881374547471902,11.51683958466481,10.64482647686071,10.782766035451955,11.948226477467028
35:0,0,0,0,0,0,0,0,0
36:0,0,0,0,0,0,0,0,0
37:0,0,0,0,0,0,0,0,0
38:0,0,0,0,0,0,0,0,0
39:0,0,0,0,0,0,0,0,0
40:0,0,0,0,0,0,0,0,0
41:0,0,0,0,0,0,0,0,0
42:0,0,0,0,0,0,0,0,0
43:0,0,0,0,0,0,0,0,0
44:0,0,0,0,0,0,0,0,0
45:0,0,0,0,0,0,0,0,0
46:0,0,0,0,0,0,0,0,0
47:0,0,0,0,0,0,0,0,0
48:0,0,0,0,0,0,0,0,0
49:0,0,0,0,0,0,0,0,0
50:0,0,0,0,0,0,0,0,0
51:12.72977178999401,23.176447871324378,13.329953515737479,12.801144990356699,12.507085671779315,13.247494433068574,12.566465316252335,12.384487286348174,12.526317791652222
52:0,0,0,0,0,0,0,0,0
53:0,0,0,0,0,0,0,0,0
54:20.308771571562456,14.114173348443465,20.315492559488003,23.17578974393597,20.35242610868436,18.155218815653576,19.663199716786572,20.07165144205743,17.457639691466625
55:23.221433904798364,18.136515727249286,15.72592721987945,17.105117143174194,18.170751537998903,14.805323232142639,18.01877424291827,18.051986093579355,18.26814061176363
56:0,0,0,0,0,0,0,0,0
57:8.312771927023672,8.820266877145494,8.966284762518388,16.149890197901602,8.86405515408682,8.66241373322981,9.011918301062538,9.166493822251347,9.014951363362014
58:18.73610089990483,18.734746166898884,18.722234955044375,22.15934416222518,18.634095454023928,13.310064201316749,20.762759351853447,17.91139977822775,18.786529784171687
59:13.091258929214304,10.14807733399101,8.661905909371301,22.116957456584718,8.816943402237031,8.68907187394387,8.703865689836423,8.620845278298976,8.308387852254922
60:0,0,0,0,0,0,0,0,0
61:0,0,0,0,0,0,0,0,0
62:0,0,0,0,0,0,0,0,0
63:0,0,0,0,0,0,0,0,0
64:0,0,0,0,0,0,0,0,0
65:0,0,0,0,0,0,0,0,0
66:0,0,0,0,0,0,0,0,0
67:0,0,0,0,0,0,0,0,0
68:0,0,0,0,0,0,0,0,0
69:0,0,0,0,0,0,0,0,0
70:0,0,0,0,0,0,0,0,0
71:0,0,0,0,0,0,0,0,0
72:0,0,0,0,0,0,0,0,0
73:0,0,0,0,0,0,0,0,0
74:12.548833627550316,12.532462860649357,12.437732603896023,12.591340022114165,12.557254179639504,13.567315847276358,12.862911012853974,23.213174757981797,13.321466339466626
75:0,0,0,0,0,0,0,0,0
76:0,0,0,0,0,0,0,0,0
77:4.142804912099802,5.1306088102762075,5.6235328960600395,5.061682255982888,10.935018049744457,6.918184440099523,11.22706053969858,22.160018278086433,10.733542066543633
78:18.908666831266842,15.485165058979437,18.828267044079567,18.057933982245682,18.857056841649115,16.544720912614835,23.19299947517583,18.876640127435216,15.771005967693123
79:19.864622365008273,20.53470382965426,18.341004237745512,23.197675010293196,20.405829457390812,17.63048280204476,20.4463242309541,20.48343638886175,20.479706597575646
80:0,0,0,0,0,0,0,0,0
81:0,0,0,0,0,0,0,0,0
82:18.722294259871866,18.7339847841175,18.71803084812062,20.79951486899088,18.726408773519687,13.246189832452368,22.088809937849984,17.993624259774357,18.725730113587378
83:12.7649765065574,10.063144630512909,8.502206337940871,22.094318798054264,8.462209454546876,8.92231386662824,8.789791419965619,8.747891814784218,8.573772073603982
84:0,0,0,0,0,0,0,0,0
85:0,0,0,0,0,0,0,0,0
86:0,0,0,0,0,0,0,0,0
87:0,0,0,0,0,0,0,0,0
88:0,0,0,0,0,0,0,0,0
89:0,0,0,0,0,0,0,0,0
90:0,0,0,0,0,0,0,0,0
91:0,0,0,0,0,0,0,0,0
92:0,0,0,0,0,0,0,0,0
93:0,0,0,0,0,0,0,0,0
94:0,0,0,0,0,0,0,0,0
95:0,0,0,0,0,0,0,0,0
96:12.061322552099776,11.98448430830307,12.028551170556765,11.659325599877317,11.992114213374425,22.744084328912358,12.164764706511962,12.167265610094498,13.749341888503313
97:12.187311500087405,12.084488876775904,22.76250537777318,12.154430424361138,11.941413346176056,13.895474481685376,11.820824355245552,11.83425478226498,11.937955523799383
98:0,0,0,0,0,0,0,0,0
99:0,0,0,0,0,0,0,0,0
100:0,0,0,0,0,0,0,0,0
101:19.786213933273817,22.774645772752113,19.87845188287678,19.76733267074428,21.003934967961484,19.98515805290505,20.988008376856307,17.640708892544293,21.062816022596337
102:17.703068541050275,21.95900711263048,17.695569274395407,11.76850754934224,17.76844250280227,13.23491425186468,11.106897985736149,11.223086398205547,11.352741655634262
103:0,0,0,0,0,0,0,0,0
104:12.25007671748145,12.32747675105258,12.280518219579216,22.765856936224523,12.473547699476217,12.28788973224707,13.911923267355318,12.22242153892056,12.442028771054153
105:22.715100514494942,14.390581362810925,14.447851689731175,15.991049389951986,14.566422217902673,10.198182044066277,14.450276649865323,14.533890618806867,14.727550332747192
106:0,0,0,0,0,0,0,0,0
107:0,0,0,0,0,0,0,0,0
108:0,0,0,0,0,0,0,0,0
109:5.822071100414041,2.5602331026712184,2.0989798748403112,21.46746854979208,5.67404412378823,2.396573404286286,5.689121102073771,5.462545574520488,5.805405129327827
110:0,0,0,0,0,0,0,0,0
111:0,0,0,0,0,0,0,0,0
112:0,0,0,0,0,0,0,0,0
113:0,0,0,0,0,0,0,0,0
114:0,0,0,0,0,0,0,0,0
115:0,0,0,0,0,0,0,0,0
116:0,0,0,0,0,0,0,0,0
117:0,0,0,0,0,0,0,0,0
118:0,0,0,0,0,0,0,0,0
119:0,0,0,0,0,0,0,0,0
120:11.032341160024968,11.057392819077766,11.32363291049623,11.420789788128868,11.093670339741985,12.367819715735035,11.209866677071444,11.189255188271877,22.481822417108603
121:11.146940246417145,10.97858684358325,12.363843511873675,10.918224416860824,10.859000895661548,22.503322831376302,10.86825502627701,10.932400103477299,10.906162819755686
122:0,0,0,0,0,0,0,0,0
123:4.144721159521122,3.9413495699721532,19.53968695490358,3.9007951818505293,4.294186300387245,4.7408602567369185,4.126499016515584,4.254668810376525,4.185605503092709
124:14.243255937702575,14.539198434331036,14.49118245058938,13.39842825266251,14.316979789719623,13.229594538155423,13.325493722446913,22.46086324258062,14.025262725678441
125:0,0,0,0,0,0,0,0,0
126:18.91714999682771,22.463606936637323,18.94441692602495,13.055561313058472,18.90270221904056,14.439991702904784,13.58217339140642,13.642922639542173,13.66094122182471
127:4.621158118063143,19.452303483511326,6.210285744136008,5.0214128180156035,5.649190714178467,5.280704013168741,5.256061424141419,5.190869175473737,5.520795345961511
128:11.81170791443702,11.36504362189801,11.515610607323033,12.331324641656833,11.735891539825806,11.388202468944602,22.477749672718637,11.797963261191695,11.438440954381385
129:14.545031216129646,13.321697521538953,13.930071828280054,22.4732930547037,13.895437755453461,9.607962071838571,13.556616605641455,13.94661768844635,13.783732221865888
130:0,0,0,0,0,0,0,0,0
131:19.61291888382839,5.928971091477443,5.469900334449274,5.699259075187051,5.513483094185081,5.650648297463124,5.497829482783268,5.281926750150885,5.451979323725417
132:0,0,0,0,0,0,0,0,0
133:5.965941783577603,3.3841567636897247,2.66946318933108,20.71285907161144,5.795902728245291,3.1340601567689235,5.636601961622609,5.720160039671767,6.303199144502723
134:0,0,0,0,0,0,0,0,0
135:0,0,0,0,0,0,0,0,0
136:0,0,0,0,0,0,0,0,0
137:0,0,0,0,0,0,0,0,0
138:0,0,0,0,0,0,0,0,0
139:0,0,0,0,0,0,0,0,0
140:0,0,0,0,0,0,0,0,0
141:0,0,0,0,0,0,0,0,0
142:0,0,0,0,0,0,0,0,0
143:0,0,0,0,0,0,0,0,0
144:1.3458842161664073,1.1950641875086092,1.2818287812624847,1.0553076525244596,1.2050002152795276,1.9405512367134867,1.1251622505124677,1.2040038826759873,19.42495010975362
145:0,0,0,0,0,0,0,0,0
146:10.558261798279934,10.650377572055348,10.652490615682208,10.288840402636076,10.789787608738475,22.473763140608668,10.526221844768358,10.835069453365698,12.185112478193616
147:10.981918269209958,10.540358857005497,22.504556540502975,11.062181588465537,11.014115352561225,12.398983113489187,11.321287008652737,11.210830463852405,10.865854161287954
148:2.140167675835255,2.4073001500552644,2.224492594884628,1.559530056548809,2.2309051117560013,2.4183706020518416,1.5318979651049327,19.50492200307159,3.329817590806347
149:8.849982109632753,9.742903584940773,9.910731246410412,8.913824440963358,14.972356691924663,10.79617464029896,15.21203285874296,22.45572658394516,14.867447604609309
150:0,0,0,0,0,0,0,0,0
151:14.342585235730784,22.46044580584107,15.98073274224304,14.719125576517502,16.263637732785657,15.221576337332108,16.223437016497208,16.19650464112432,16.479695738346923
152:2.6066569413221217,2.417565382006041,2.466805021435438,2.407037277222003,2.395009451884708,2.6686766114172435,19.433108509470824,3.34516152512261,2.3419147098186714
153:0,0,0,0,0,0,0,0,0
154:19.491305890183884,19.426950275236774,19.501591383111638,22.46755398056736,19.487096536872418,15.796328075754362,20.058596082854297,19.303980334853204,19.491899270616955
155:22.48844162502214,13.771378314176133,13.127952291321913,13.670315533347932,12.8353170765219,12.854860170214756,12.886076599668217,13.190443082970665,12.767669681611531
156:0,0,0,0,0,0,0,0,0
157:0,0,0,0,0,0,0,0,0
158:15.781595280687503,15.814918786428006,15.68453929161537,20.59802015742978,15.819159308265093,11.463598406905794,15.836373139573409,12.048828466932358,11.146902314459828
159:0,0,0,0,0,0,0,0,0
160:0,0,0,0,0,0,0,0,0
161:0,0,0,0,0,0,0,0,0
162:0,0,0,0,0,0,0,0,0
163:0,0,0,0,0,0,0,0,0
164:0,0,0,0,0,0,0,0,0
165:0,0,0,0,0,0,0,0,0
166:0,0,0,0,0,0,0,0,0
167:0,0,0,0,0,0,0,0,0
168:0,0,0,0,0,0,0,0,0
169:0,0,0,0,0,0,0,0,0
170:10.638848307821213,10.985073411479975,11.069906982527712,10.837378076394515,11.208632220995007,12.58717393619245,10.986112398458422,10.88684102545161,22.74624777038264
171:11.047293710058483,11.039828292076024,13.022038238268946,10.992888793777146,11.218821078836777,22.756631110109563,10.870280502658236,11.251349516852846,11.411311488040328
172:0,0,0,0,0,0,0,0,0
173:4.047241916606624,5.098680783712084,5.564437670929055,4.632003159304568,10.189470486971631,7.098892401626776,10.33821239290379,21.963503942275587,10.240362091364734
174:18.388074009733145,14.365775895297828,18.487959863191325,16.602535584598566,18.517282930217384,17.933004828001234,16.64282873780269,22.758553793811515,17.472094414694812
175:0,0,0,0,0,0,0,0,0
176:0,0,0,0,0,0,0,0,0
177:0,0,0,0,0,0,0,0,0
178:20.40563501566277,20.364444030406986,20.319169071417583,20.820530617769514,20.27870479074353,16.52296094028104,22.79552627628456,19.877115914628362,20.373845548383972
179:14.713584753477962,14.345571666261717,13.297826097335234,22.807801967468382,13.425393063501911,13.401977976478051,13.472926424000818,13.428345526851285,13.219363363159403
180:0,0,0,0,0,0,0,0,0
181:0,0,0,0,0,0,0,0,0
182:16.562084093359843,16.60772117114033,16.696458389552074,21.47071337364219,16.59874831388423,11.595928100801915,16.537911253700365,12.128332256529413,11.335039942017847
183:0,0,0,0,0,0,0,0,0
184:0,0,0,0,0,0,0,0,0
185:0,0,0,0,0,0,0,0,0
186:0,0,0,0,0,0,0,0,0
187:0,0,0,0,0,0,0,0,0
188:0,0,0,0,0,0,0,0,0
189:0,0,0,0,0,0,0,0,0
190:0,0,0,0,0,0,0,0,0
191:0,0,0,0,0,0,0,0,0
192:6.829664571123748,6.351139820976302,6.667816928984269,6.396120886133132,6.607651604469686,22.067348145287923,6.725665983051894,6.787410020448261,11.52854103440865
193:6.682229516265465,6.734419966890822,22.0502528609473,6.4821235643142,6.672958062821361,11.305284846129291,6.876785152555591,6.490823196090616,6.605022625548266
194:0,0,0,0,0,0,0,0,0
195:0,0,0,0,0,0,0,0,0
196:16.701633927061785,17.011041581147964,16.99629368117462,12.817722728577932,16.829654010260413,23.167584944785393,13.084076528565136,17.286697116751228,16.743308159569164
197:17.871013891691632,20.823937891576247,23.18049837946565,17.748506347079896,21.050339898479123,20.727083951391986,20.98682689677344,18.292391387071437,21.022740258743774
198:18.462921173970933,22.075152323395486,18.47640118507106,11.628715723529835,18.402702664599932,13.233658676781696,10.951438018157472,11.11612539393404,11.140672399265304
199:0,0,0,0,0,0,0,0,0
200:0,0,0,0,0,0,0,0,0
201:15.160938007549344,23.19182713080478,14.929284775338393,15.86766274117754,15.024828177921652,9.70081871223192,15.232758185277095,14.910822294741182,15.061547419947471
202:0,0,0,0,0,0,0,0,0
203:0,0,0,0,0,0,0,0,0
204:0,0,0,0,0,0,0,0,0
205:0,0,0,0,0,0,0,0,0
206:0,0,0,0,0,0,0,0,0
207:0,0,0,0,0,0,0,0,0
208:0,0,0,0,0,0,0,0,0
209:0,0,0,0,0,0,0,0,0
210:0,0,0,0,0,0,0,0,0
211:0,0,0,0,0,0,0,0,0
212:0,0,0,0,0,0,0,0,0
213:0,0,0,0,0,0,0,0,0
214:0,0,0,0,0,0,0,0,0
215:0,0,0,0,0,0,0,0,0
216:6.251822227234562,6.194173673834264,5.955776771110587,6.630583829019391,6.050499492802465,10.459077051349011,6.426161047887706,6.280168445633167,21.629830040498103
217:5.8607692613120435,6.586782071325997,21.55800867115926,5.9686483446401075,5.938051831645947,11.164548701407993,6.066301287463322,5.7296664312558105,5.816222545920681
218:2.5196544933103775,2.5089253364270916,2.3463564441564717,2.4689051682901604,2.1603851485922476,16.177830669750186,2.321593436418183,2.678874187876577,2.789122670284393
219:0,0,0,0,0,0,0,0,0
220:15.612710634759564,15.502159757193768,15.584815583430363,11.545572422565582,15.690694969314215,15.057234709023993,11.366928473571404,16.599119759954515,22.92461723849932
221:16.98208467100436,20.34783957870608,19.78750505176211,16.71897604057989,20.706326311563654,22.9459787682793,20.591919668378868,14.861076921768504,20.64675353546718
222:0,0,0,0,0,0,0,0,0
223:0,0,0,0,0,0,0,0,0
224:12.997257043599957,13.018878484402412,13.005149006224485,13.485050630945443,12.703541730308338,13.227551972423024,14.37557004766138,22.954380737815686,12.752791115608735
225:0,0,0,0,0,0,0,0,0
226:0,0,0,0,0,0,0,0,0
227:0,0,0,0,0,0,0,0,0
228:0,0,0,0,0,0,0,0,0
229:15.308286798591586,9.24356858359677,10.172514356657148,22.947581040262197,15.25248273771463,11.116769589112552,15.30098743084673,15.347173741004585,15.465894494148438
230:0,0,0,0,0,0,0,0,0
231:0,0,0,0,0,0,0,0,0
232:3.694868618800462,3.518116239731254,3.569533928861721,2.5045755902763207,3.6450098346386617,0.4740842267950004,20.610477041888632,4.125461459953649,1.1021111513854946
233:7.681479336688411,8.393614517004984,5.107564541154302,20.587433391249956,9.634785462989951,5.6005644897314335,9.780242356408259,6.6654661678769695,9.760936996463867
234:0,0,0,0,0,0,0,0,0
235:0,0,0,0,0,0,0,0,0
236:0,0,0,0,0,0,0,0,0
237:0,0,0,0,0,0,0,0,0
238:0,0,0,0,0,0,0,0,0
239:0,0,0,0,0,0,0,0,0
240:0,0,0,0,0,0,0,0,0
241:0.09223671318605911,-0.18823163184244246,0.5779068833635902,-0.32214171404645126,0.019643045884291062,16.09606315820142,-0.17829561772660457,-0.2706714587651072,-0.030981459706620314
242:4.765696630455992,4.430276894674953,4.435404712580893,4.519047726348078,4.402164181360423,9.010933854542968,4.810458728325519,4.656600640221348,21.5375294844865
243:4.434282205519258,4.747819512172675,21.584603654366383,4.708947321978626,4.7484074357611075,8.799429332037063,4.585989287630254,4.791132952318249,4.4037550911390495
244:0,0,0,0,0,0,0,0,0
245:0,0,0,0,0,0,0,0,0
246:16.646853474531884,10.742148227642996,16.449038428646176,11.718410999043957,16.437071052230284,22.915336291490224,11.903964795845756,16.177370104557795,15.529466740788584
247:10.286406176631647,15.071616921281441,22.939102127674193,10.419184672476218,14.800634151870497,14.33258074032203,14.588735156477586,14.69359195729596,14.885680463450084
248:0,0,0,0,0,0,0,0,0
249:0,0,0,0,0,0,0,0,0
250:0,0,0,0,0,0,0,0,0
251:13.502296170758498,22.956980988392946,12.59682910473036,13.158695799208958,12.86709929524534,12.580021646103123,12.551068070742165,12.703027540603884,12.631353589741291
252:0,0,0,0,0,0,0,0,0
253:0,0,0,0,0,0,0,0,0
254:19.875102025798494,19.9094560665549,19.976261848083087,22.960348978565666,19.859388598585628,15.86351944481625,19.956792013860497,13.829261405153495,15.449777753114548
255:0,0,0,0,0,0,0,0,0
256:0,0,0,0,0,0,0,0,0
257:0,0,0,0,0,0,0,0,0
258:15.34474244514229,11.329082926677774,15.251661330835745,20.571100990634452,15.125663898478225,9.6837499001497,13.164947890403562,14.549150580406469,9.60781646234532
259:20.667943827643843,7.976638798486199,2.290901400105848,5.532920276526662,6.959396970097972,2.135954138668882,6.988812387327451,6.728320922898287,6.83846034872383
260:0,0,0,0,0,0,0,0,0
261:0,0,0,0,0,0,0,0,0
262:0,0,0,0,0,0,0,0,0
263:0,0,0,0,0,0,0,0,0
264:0,0,0,0,0,0,0,0,0
265:0,0,0,0,0,0,0,0,0
266:5.4260722666173296,5.485809013731714,5.409102935668872,5.308100629077153,5.112607487341142,22.105217351689735,5.389261514900469,5.593819049162371,9.274363984856532
267:5.26458714730914,5.5516049128857,9.598092396593286,5.067845712234631,5.1897513414945005,22.078815233169344,5.103412040506784,5.1112990811551535,5.301690146607963
268:0,0,0,0,0,0,0,0,0
269:3.476051747504675,4.307886966946024,4.520006558602538,3.6402382095424146,9.770119496666586,6.156108226378626,9.678879882360281,22.087955734974088,9.775595395786766
270:18.31284611260319,14.569551187093207,18.25137039764154,13.980827203607824,18.230994748270955,18.30317006302407,13.93818326878815,18.087899006000672,23.15492863238033
271:11.892628857298844,16.17034601321787,16.807537147670473,11.800251237040522,16.154533571369083,23.177968254872805,15.98501236824501,15.839848396398914,16.129496192074107
272:0,0,0,0,0,0,0,0,0
273:0,0,0,0,0,0,0,0,0
274:21.060835435774035,21.055960971758513,21.071798947611594,20.990579562984355,21.050433140677022,15.561425590265252,20.855409772510093,23.168210559299474,21.053478929922345
275:0,0,0,0,0,0,0,0,0
276:0,0,0,0,0,0,0,0,0
277:0,0,0,0,0,0,0,0,0
278:0,0,0,0,0,0,0,0,0
279:0,0,0,0,0,0,0,0,0
280:0,0,0,0,0,0,0,0,0
281:0,0,0,0,0,0,0,0,0
282:0,0,0,0,0,0,0,0,0
283:0,0,0,0,0,0,0,0,0
284:0,0,0,0,0,0,0,0,0
285:0,0,0,0,0,0,0,0,0
286:0,0,0,0,0,0,0,0,0
287:0,0,0,0,0,0,0,0,0
288:0,0,0,0,0,0,0,0,0
289:0,0,0,0,0,0,0,0,0
290:0,0,0,0,0,0,0,0,0
291:0,0,0,0,0,0,0,0,0
292:0,0,0,0,0,0,0,0,0
293:0,0,0,0,0,0,0,0,0
294:0,0,0,0,0,0,0,0,0
295:0,0,0,0,0,0,0,0,0
296:0,0,0,0,0,0,0,0,0
297:0,0,0,0,0,0,0,0,0
298:0,0,0,0,0,0,0,0,0
299:0,0,0,0,0,0,0,0,0
300:0,0,0,0,0,0,0,0,0
301:21.081908758495466,23.175915604160465,20.79085805475159,15.810914756266856,21.06192381358342,20.964754809866026,21.044026265431015,21.020767295408742,21.096329369364256
302:0,0,0,0,0,0,0,0,0
303:0,0,0,0,0,0,0,0,0
304:15.931641272486013,15.974177996723993,15.851999807046806,23.16177700539223,15.682467134170832,11.916506594129014,16.227143820520855,16.18569689287605,11.538957334879807
305:23.156117716763937,17.958951190372222,13.864845796272004,18.509341395135777,18.374933822893833,13.886349645872473,18.445931489360255,14.772351924976002,18.303935247438943
306:10.011674208849316,22.10110998510697,9.864012194437603,6.024284722672853,9.895386378387276,4.079403316090789,4.69715220900682,4.3027753116874035,3.2026001483952253
307:0,0,0,0,0,0,0,0,0
308:5.675614366205343,5.660109658123707,5.513891820866165,9.522187313021076,5.602368308206963,5.54496516947348,22.108697257019674,4.881201124526799,5.594835348794138
309:22.081640995487785,5.58679325516895,4.9944891386719785,9.856125337636538,5.023781634457366,4.8134955148586185,5.389857583003694,5.237651704743579,4.932121114460427
310:0,0,0,0,0,0,0,0,0
311:0,0,0,0,0,0,0,0,0
312:0,0,0,0,0,0,0,0,0
313:0,0,0,0,0,0,0,0,0
314:0,0,0,0,0,0,0,0,0
315:0,0,0,0,0,0,0,0,0
316:7.203126100886894,7.187592496690908,7.0599603206323165,2.50785744394145,7.33060522698241,5.467847395461788,2.596378124257067,8.066340318850898,20.677338011101728
317:9.541059429716093,14.535511348137874,13.21976652636881,9.716764502992543,15.276625035852046,20.65075329976591,15.178351594945141,11.12323544535655,15.233127859399486
318:0,0,0,0,0,0,0,0,0
319:0,0,0,0,0,0,0,0,0
320:0,0,0,0,0,0,0,0,0
321:15.570039604968333,13.859998594816691,19.948727432441586,15.816655536475029,19.978809923314195,22.972802050108324,19.90458527197295,19.937407440309507,19.932491502051136
322:0,0,0,0,0,0,0,0,0
323:0,0,0,0,0,0,0,0,0
324:12.411053414782842,12.278841491972742,12.51828757478454,12.601577552259943,12.464663812094892,13.056506038320027,12.473428438761156,22.953365774874662,13.344378384583981
325:0,0,0,0,0,0,0,0,0
326:0,0,0,0,0,0,0,0,0
327:0,0,0,0,0,0,0,0,0
328:14.174041874861794,14.109130815450499,13.881956147205086,13.302105276030492,13.996204046200575,10.104239429978087,22.94520050898048,14.34148884191305,9.976896395495684
329:16.27135290219871,16.437374421060543,12.251472880687423,22.95382559961704,16.992033879835898,12.376679384847025,17.107102387903495,11.304186662973029,16.91835669851989
330:0,0,0,0,0,0,0,0,0
331:0,0,0,0,0,0,0,0,0
332:4.619215048467459,4.651231275280816,4.475395636203221,8.521531764439597,4.847380197826567,4.699517792192793,21.612720645402497,4.702721464233448,4.798346543230347
333:8.303986901725606,4.5613785428373745,4.600809683570126,21.621083542481124,4.64670229135857,4.69683792972747,4.619271307516561,4.541020570193478,4.783486644684557
334:-0.22505942211878746,-0.3205119980394626,-0.2069577369604312,16.15434269507762,-0.3654612486326585,-0.09909795355557384,0.5706265882456444,-0.44092686647906,-0.26462256735719414
335:0,0,0,0,0,0,0,0,0
336:0,0,0,0,0,0,0,0,0
337:0,0,0,0,0,0,0,0,0
338:0,0,0,0,0,0,0,0,0
339:0,0,0,0,0,0,0,0,0
340:0,0,0,0,0,0,0,0,0
341:0,0,0,0,0,0,0,0,0
342:9.511740144396542,6.522492173576981,9.406558013085004,5.265114704656843,9.456786966842765,20.6160344206247,5.325438865762048,8.288409810960102,7.636750422854622
343:0.8138101055648452,4.352561685454353,20.59283590307123,0.6970709857282864,3.614518270098886,2.863895854014022,3.757208227349886,3.782615061843881,3.770412058930775
344:0,0,0,0,0,0,0,0,0
345:0,0,0,0,0,0,0,0,0
346:15.66777616640715,15.358163628202275,15.375459807952225,10.989274004172952,15.372771583072382,22.92374874985084,10.127440910270321,9.105424642001484,15.229137296922099
347:0,0,0,0,0,0,0,0,0
348:0,0,0,0,0,0,0,0,0
349:0,0,0,0,0,0,0,0,0
350:0,0,0,0,0,0,0,0,0
351:12.93399555301179,22.942558805548096,14.231447432212487,12.644385768918632,12.888854282042935,13.370037993391932,12.90766204482781,12.713226716807833,13.147357541922137
352:0,0,0,0,0,0,0,0,0
353:0,0,0,0,0,0,0,0,0
354:20.81251284545261,15.066610182052035,20.804415268525265,22.91567542545297,20.766889709990032,17.22399079361249,19.91061621665694,20.393510749471535,17.080657406577878
355:22.9326496674361,15.044025860537257,10.656809949700358,13.624553652854939,14.286156436411686,10.66867731737889,14.130190654243842,14.451075050230378,14.15185714974222
356:0,0,0,0,0,0,0,0,0
357:2.6793098340837105,2.3143182630861068,2.482478400031371,16.08973036739162,2.332576680654494,2.3992480892553427,2.3355645644771683,2.277721911101919,2.3680083298228762
358:6.530624417853858,6.619650328494887,6.561290233047714,21.605581275466584,6.591154277709031,6.509020202380834,9.917769794454262,6.104720075781082,6.406907215760526
359:21.58334425124498,6.302029896377057,6.063809618168362,10.19611815150654,6.132365357347601,6.419829765076531,5.999903471157241,6.1404301925502525,6.0770480228628925
360:0,0,0,0,0,0,0,0,0
361:0,0,0,0,0,0,0,0,0
362:0,0,0,0,0,0,0,0,0
363:0,0,0,0,0,0,0,0,0
364:0,0,0,0,0,0,0,0,0
365:0,0,0,0,0,0,0,0,0
366:0,0,0,0,0,0,0,0,0
367:0,0,0,0,0,0,0,0,0
368:0,0,0,0,0,0,0,0,0
369:0,0,0,0,0,0,0,0,0
370:0,0,0,0,0,0,0,0,0
371:0,0,0,0,0,0,0,0,0
372:0,0,0,0,0,0,0,0,0
373:0,0,0,0,0,0,0,0,0
374:15.150638843922685,15.122623270462753,15.199255144701976,9.383713450669505,15.032934108714127,15.920295231589863,15.358079839247821,23.153595898803857,14.964472020069993
375:0,0,0,0,0,0,0,0,0
376:0,0,0,0,0,0,0,0,0
377:11.26273499688831,10.980566104253626,10.94869070410812,13.269721877611387,18.38616164223299,11.58689622244746,18.38544502144019,22.10803058768696,18.4796835193679
378:21.22344664402118,18.41545055447813,21.298936362189533,20.89807529510505,21.228683816535604,18.226716372366152,23.168718634316907,20.915784351251382,17.97418125146814
379:15.61719749040307,16.36971259815887,12.567946058133288,23.1151981151862,15.645763373097706,11.785765198229162,15.616786074328154,15.486451848069898,15.380941905418661
380:0,0,0,0,0,0,0,0,0
381:0,0,0,0,0,0,0,0,0
382:7.3199028590616635,7.1348694982692225,7.224109856015136,22.089923288286393,7.330604478906063,7.104269338018231,10.662516219159988,6.281950682033857,7.3356329130931694
383:11.248156114926138,6.668748973746494,6.230795915532839,22.037697919107107,6.449105542569041,6.457941336807681,6.305789152597508,6.417110088674057,6.448664102429255
384:0,0,0,0,0,0,0,0,0
385:0,0,0,0,0,0,0,0,0
386:0,0,0,0,0,0,0,0,0
387:0,0,0,0,0,0,0,0,0
388:0,0,0,0,0,0,0,0,0
389:0,0,0,0,0,0,0,0,0
390:0,0,0,0,0,0,0,0,0
391:0,0,0,0,0,0,0,0,0
392:0,0,0,0,0,0,0,0,0
393:11.408378748481326,12.135908479202683,16.5777237019921,11.531793102695575,16.637335997592203,21.43652078396245,16.50442809402354,16.53280278538059,16.53460685837317
394:0,0,0,0,0,0,0,0,0
395:0,0,0,0,0,0,0,0,0
396:13.449304050879396,13.293913809226575,13.39827265311483,13.549947901645158,13.164500002136375,22.74227159114325,13.211013960604529,14.459771860150571,14.53703527424419
397:20.328264268187244,19.86585418608292,22.77150108448273,16.41069098500295,20.403734326782622,20.757266505326676,20.338258870687273,20.362535542896662,20.35919557653023
398:0,0,0,0,0,0,0,0,0
399:0,0,0,0,0,0,0,0,0
400:0,0,0,0,0,0,0,0,0
401:18.200929130683175,22.7515897583001,17.69697484838986,18.77373314309062,19.300872785281932,17.44145693083321,19.10831572952838,15.400451560676531,19.250863202719636
402:10.327856437005513,21.985164193632965,10.555619469786002,7.038759230226805,10.511356244013172,4.719484057096207,5.4196983256937035,5.321694946542262,4.205094123865396
403:0,0,0,0,0,0,0,0,0
404:11.285891880664117,11.38078181273888,10.880571259144336,22.748828184954476,11.124324030934334,11.345698044631556,13.095966185941707,10.937931520500854,11.204640499418135
405:22.72395459284148,10.78267466446452,10.610051734531915,12.601270760869516,11.06432390659643,10.800688006794081,10.7578068493188,10.772488826250562,10.931964976389594
406:0,0,0,0,0,0,0,0,0
407:0,0,0,0,0,0,0,0,0
408:0,0,0,0,0,0,0,0,0
409:0,0,0,0,0,0,0,0,0
410:0,0,0,0,0,0,0,0,0
411:0,0,0,0,0,0,0,0,0
412:0,0,0,0,0,0,0,0,0
413:0,0,0,0,0,0,0,0,0
414:0,0,0,0,0,0,0,0,0
415:0,0,0,0,0,0,0,0,0
416:0,0,0,0,0,0,0,0,0
417:11.261509308789527,11.922089729606641,15.770190521729242,11.502751446984188,15.796592652680873,20.67534538510353,15.871196718326557,15.883585004472843,15.860892140066499
418:0,0,0,0,0,0,0,0,0
419:0,0,0,0,0,0,0,0,0
420:12.920395146837826,13.120883933393687,13.112424893759448,13.140691765686809,12.85643831956531,13.806809836769082,12.868179803723367,13.994884575457922,22.48496950639994
421:19.536451765570146,19.25921844222367,19.996193689299133,15.662997616005349,19.548780558187467,22.52625357993733,19.471841771639898,19.48949980532186,19.461732305993618
422:0,0,0,0,0,0,0,0,0
423:2.2818312922136084,3.269486628312332,19.509836753740135,2.4876261207168415,2.6008992053595184,2.3649361461162965,2.5844306228481155,2.384907099179291,2.576417298867487
424:14.774137644566101,14.936820442525914,14.699911567912611,13.924090985438614,14.793127949550339,13.11158231584387,14.472007227096064,22.477597136429655,13.170743673665703
425:0,0,0,0,0,0,0,0,0
426:15.238764157685392,22.5026689650311,15.14736927277761,10.945033796279471,15.154266130465999,8.74792588423325,10.133088314885036,9.728625974734298,9.04771388437533
427:3.1739529115766216,19.588819585785792,1.6954307827027577,2.517350903623561,2.4663474067173143,1.8311475706057843,2.2748335701309763,2.363183779584672,2.2980777573627527
428:10.852249396777571,11.014280071506093,10.841946196880954,12.238802040325158,11.080158679041404,10.863805438498456,22.495056595755294,10.875582385648958,11.204621182422997
429:12.219552165751074,10.828316999793048,10.710602736477556,22.485629216878543,10.540552259014856,10.434269841236611,10.36159107670221,10.446866836213017,10.448835953332921
430:0,0,0,0,0,0,0,0,0
431:19.555504586779204,1.13587391022507,1.5484555370172401,1.9430784505475358,1.6896861560878451,1.3720720355652247,1.466974765244997,1.3254348013353356,1.8367437604284254
432:0,0,0,0,0,0,0,0,0
433:0,0,0,0,0,0,0,0,0
434:0,0,0,0,0,0,0,0,0
435:0,0,0,0,0,0,0,0,0
436:0,0,0,0,0,0,0,0,0
437:0,0,0,0,0,0,0,0,0
438:0,0,0,0,0,0,0,0,0
439:0,0,0,0,0,0,0,0,0
440:0,0,0,0,0,0,0,0,0
441:0,0,0,0,0,0,0,0,0
442:6.290730091616091,5.864528983890052,5.948694625946049,3.162040119136804,5.675384923275977,20.687070088605882,2.366399170886102,3.1683130143546463,5.812305739080795
443:0,0,0,0,0,0,0,0,0
444:5.396791876917798,5.259922442503144,5.184466155626588,5.292523259620396,5.440182243237041,5.285935248738164,5.392838475992222,5.844093352095295,19.507669077258488
445:0,0,0,0,0,0,0,0,0
446:13.759361176508856,13.602487008800018,14.019753371498885,9.335891219202033,13.82824588954085,22.44481177464276,13.702911222689139,13.595714761892173,14.45832844988109
447:11.66595794493854,12.072075115853917,22.49023001617971,11.436754547618978,11.377690001952072,12.609679300003302,11.436326599932139,11.44927076164879,11.430849300785953
448:5.3136387543837165,5.31370819178544,4.9891953547433205,5.301320638757385,5.301547176613292,4.895874557960664,5.945276063848479,19.52797586414825,4.302084811343826
449:13.73840630564521,13.680491290190757,13.406548027159051,14.47828907790635,18.89333046168926,13.125503738851025,18.84985758141577,22.46983070425891,18.765476853838045
450:0,0,0,0,0,0,0,0,0
451:13.381291994228711,22.485115161650803,13.047617275330603,13.055963510357486,14.236132646852068,13.008873281881248,14.224818553584198,14.253165417889804,14.295930964656966
452:4.142324364360232,4.209928095109919,3.792624209466013,4.328901783766415,4.071833983514095,3.9906960308082073,19.54702284796556,3.844177170222703,4.257379047878003
453:0,0,0,0,0,0,0,0,0
454:10.848293732610948,11.243326862199869,11.185238204023724,22.45620335740051,11.400556185177793,11.21043309642548,12.316999685242234,11.28659160221,11.334285783074394
455:22.4791708406155,11.157751874138055,10.859536025293833,12.517362454502099,11.05077500488924,11.122274246483938,11.116438396884082,11.011933980081142,10.985880483943962
456:0,0,0,0,0,0,0,0,0
457:0,0,0,0,0,0,0,0,0
458:0,0,0,0,0,0,0,0,0
459:0,0,0,0,0,0,0,0,0
460:0,0,0,0,0,0,0,0,0
461:0,0,0,0,0,0,0,0,0
462:0,0,0,0,0,0,0,0,0
463:0,0,0,0,0,0,0,0,0
464:0,0,0,0,0,0,0,0,0
465:0,0,0,0,0,0,0,0,0
466:5.565772499547213,5.387671033563312,5.898010496114759,2.337489229289799,5.4687583811300025,21.424455714746912,2.052440479776757,2.466035009023897,5.565137541318404
467:0,0,0,0,0,0,0,0,0
468:0,0,0,0,0,0,0,0,0
469:0,0,0,0,0,0,0,0,0
470:14.66577508381058,14.464443455051748,14.61184827679009,10.17201234201856,14.674347884617381,15.804548470871053,14.58184505869314,14.425578164444667,22.736805409932003
471:12.32617672639347,12.53108073753056,14.06710103413177,12.298269263703144,12.295926870393924,22.7286756929419,12.204030074005594,12.088793844657097,12.386226702930966
472:0,0,0,0,0,0,0,0,0
473:11.318069332405468,11.21514256846705,10.975856583877647,13.241231290372987,17.744129283942755,11.710482497294329,17.840699573233803,21.97788748087443,17.721967499338522
474:20.953000768805566,17.633680101781604,21.025729369348923,19.992784293012075,20.974605123128143,19.897968501236416,19.868792690582943,22.76114286944953,19.69344753183372
475:0,0,0,0,0,0,0,0,0
476:0,0,0,0,0,0,0,0,0
477:0,0,0,0,0,0,0,0,0
478:12.170557190829935,12.110155554262626,12.24495525354654,13.800148125609923,12.253641118047865,12.113319484334943,22.73922183555324,12.275118525246972,12.079906292047493
479:13.730373891289004,12.135509321203932,11.984479902586298,22.766986542643718,12.227612149075217,11.576810015502504,11.805345808038512,11.941081421587862,11.935096280746157
480:0,0,0,0,0,0,0,0,0
481:0,0,0,0,0,0,0,0,0
482:0,0,0,0,0,0,0,0,0
483:0,0,0,0,0,0,0,0,0
484:0,0,0,0,0,0,0,0,0
485:0,0,0,0,0,0,0,0,0
486:0,0,0,0,0,0,0,0,0
487:0,0,0,0,0,0,0,0,0
488:0,0,0,0,0,0,0,0,0
489:0,0,0,0,0,0,0,0,0
490:0,0,0,0,0,0,0,0,0
491:0,0,0,0,0,0,0,0,0
492:9.129607484288197,8.662384618592178,8.702338179523393,9.136615754000905,8.877420943306374,12.096184038336293,8.769864260349879,9.995787350853913,22.138355280072563
493:18.77955225743669,18.063321404138815,20.65015433082333,13.235958789150938,18.77639810228116,22.13955959577613,18.769996574711517,18.773358170643952,18.74319811879434
494:0,0,0,0,0,0,0,0,0
495:0,0,0,0,0,0,0,0,0
496:15.321132802315898,15.454543111191299,15.554311296438655,12.787357947114346,15.57426863211476,23.197446166758454,13.668151064296081,16.233928940277558,14.845277974315726
497:18.76734144717057,21.012131257361577,23.159969346220112,19.27576164253308,21.280318367571912,20.737923503824664,21.25603885294062,18.12542817261555,21.265010530100053
498:11.172384477845261,22.12262169362304,11.629748175764417,7.368637192380584,11.646029534621993,5.416208683259723,5.836752546153793,5.378722159010312,4.485776419175137
499:0,0,0,0,0,0,0,0,0
500:0,0,0,0,0,0,0,0,0
501:12.96586168312017,23.17496198129487,12.18977680279411,13.572149229298079,12.4182751688627,12.436623123050762,12.19207599049928,12.426853446666284,12.44244768276457
502:0,0,0,0,0,0,0,0,0
503:0,0,0,0,0,0,0,0,0
504:0,0,0,0,0,0,0,0,0
505:0,0,0,0,0,0,0,0,0
506:0,0,0,0,0,0,0,0,0
507:0,0,0,0,0,0,0,0,0
508:0,0,0,0,0,0,0,0,0
509:0,0,0,0,0,0,0,0,0
510:0,0,0,0,0,0,0,0,0
511:0,0,0,0,0,0,0,0,0
512:0,0,0,0,0,0,0,0,0
513:0,0,0,0,0,0,0,0,0
514:0,0,0,0,0,0,0,0,0
515:0,0,0,0,0,0,0,0,0
516:8.861732247221394,8.811342698409357,9.071198435056296,8.935519017777834,8.939536198605603,12.07113424612402,8.810840443213745,10.184666063337655,22.1586717510206
517:18.75720526147733,18.19827355415593,20.530748748935903,13.242556254441315,18.82913024169764,22.143817264445047,18.778121416348213,18.847026530067524,18.756903424976887
518:9.147895470504741,9.076413972725133,9.002944967226284,8.758785826031593,9.177245930479952,16.163365585854812,9.032299766752255,8.862705296351518,8.574567774539528
519:0,0,0,0,0,0,0,0,0
520:15.468066348652616,15.337300853932495,15.480598722688198,12.507669418857846,15.272913119384071,14.957871703639567,13.667357346799536,15.826762615969216,23.190254720662118
521:18.27172269979452,20.705497229144697,20.422625605127926,18.92502380985276,20.982298239177123,23.179323327304985,21.004018418518857,14.800309372839477,20.925162437971114
522:0,0,0,0,0,0,0,0,0
523:0,0,0,0,0,0,0,0,0
524:12.597567607368326,12.663605168634819,12.50543599173363,13.190855944061012,12.493997215265198,12.308610621017552,13.706994768635084,23.19763645531487,12.361742214949349
525:0,0,0,0,0,0,0,0,0
526:0,0,0,0,0,0,0,0,0
527:0,0,0,0,0,0,0,0,0
528:0,0,0,0,0,0,0,0,0
529:0,0,0,0,0,0,0,0,0
530:0,0,0,0,0,0,0,0,0
531:0,0,0,0,0,0,0,0,0
532:0,0,0,0,0,0,0,0,0
533:0,0,0,0,0,0,0,0,0
534:0,0,0,0,0,0,0,0,0
535:0,0,0,0,0,0,0,0,0
536:0,0,0,0,0,0,0,0,0
537:0,0,0,0,0,0,0,0,0
538:0,0,0,0,0,0,0,0,0
539:0,0,0,0,0,0,0,0,0
540:0,0,0,0,0,0,0,0,0
541:11.947763990101869,10.695215457691171,10.72650235549713,11.477368688795517,11.942636598434344,16.233832098597127,11.9301479428828,11.897600698546213,11.955298103951623
542:7.947822235762555,8.054533788641342,7.959815047870158,4.158537445035389,8.088093691638838,12.604720819022576,7.958773897438109,7.846265441391911,22.106207758618147
543:7.083522002566534,7.190378545173729,22.135021122957664,7.323361903805972,7.132020023778801,10.940435847980224,7.164293759129954,7.217832967217874,7.1984471657364795
544:0,0,0,0,0,0,0,0,0
545:0,0,0,0,0,0,0,0,0
546:21.30318704065555,15.25522313621884,21.28005636668137,18.3395502534262,21.275221462450954,23.2197859848795,18.419699332358515,21.06918975562711,20.799219321047328
547:13.103871656955885,16.856963087561617,23.1755396251421,13.273094486369823,16.517136870746256,15.996907276433276,16.459165440752756,16.52689767199653,16.50835220989799
548:0,0,0,0,0,0,0,0,0
549:0,0,0,0,0,0,0,0,0
550:0,0,0,0,0,0,0,0,0
551:14.273941839428462,23.210847397484297,12.9688496133876,13.606089164710205,12.996352435817005,12.798359785235588,12.902695953494348,12.991371120148049,13.466561788168264
552:0,0,0,0,0,0,0,0,0
553:0,0,0,0,0,0,0,0,0
554:0,0,0,0,0,0,0,0,0
555:0,0,0,0,0,0,0,0,0
556:0,0,0,0,0,0,0,0,0
557:0,0,0,0,0,0,0,0,0
558:0,0,0,0,0,0,0,0,0
559:0,0,0,0,0,0,0,0,0
560:0,0,0,0,0,0,0,0,0
561:0,0,0,0,0,0,0,0,0
562:0,0,0,0,0,0,0,0,0
563:0,0,0,0,0,0,0,0,0
564:0,0,0,0,0,0,0,0,0
565:0,0,0,0,0,0,0,0,0
566:8.021204100273948,7.8980985746341466,8.169725347055444,4.299066406152486,8.074140033122557,12.462059562728095,7.710059783753379,7.711966756581224,22.106830924983132
567:6.888689245155217,7.206991287086538,11.442954204803259,6.900956223652387,6.749550771424409,22.11954746955003,7.063669102434635,6.628301647786677,7.0353263383418385
568:0,0,0,0,0,0,0,0,0
569:11.245312373126167,11.112133936846245,10.976813009449957,13.158937097359992,18.49679236327562,11.767140556741673,18.571683318776785,22.13261009001433,18.5147932368587
570:21.15328527988689,18.3084409067142,21.166803825054732,18.32796490411341,21.151139429020784,20.57455590573613,18.085432336870415,20.904462105307164,23.186469704418723
571:13.81287326440582,17.69130934439739,16.412978348813386,13.877431549290296,17.275154542683104,23.21883236969593,17.17946896408245,17.255867438270908,17.246089167106135
572:0,0,0,0,0,0,0,0,0
573:0,0,0,0,0,0,0,0,0
574:13.159626750886066,12.801192846776669,13.186878507811292,14.349917444670098,13.005374344700172,12.966624647225778,13.602077676958483,23.188641042914128,12.854590450999599
575:0,0,0,0,0,0,0,0,0
576:10.059954986814143,10.087584066081819,10.07603176391532,10.083801503510958,10.055473073659734,12.108770960159557,10.090701560802476,10.32248520279768,14.08402588715593
577:10.391486966437647,10.14868392148785,12.140288674059992,10.443767654674941,10.47971907551689,14.374651675660413,10.40632115363999,10.437386037054695,10.435894195812061
578:11.094744739961381,11.174585690365877,11.130480363781434,11.111835223222839,11.13105095106555,14.476425932174877,11.161673091821273,10.851672415480856,11.773694242384698
579:10.658802750181263,10.998618940210683,14.16714288349478,10.740059946880482,10.667966393198304,11.562389083887755,10.687112051141064,10.692697732231135,10.698675665077925
580:11.886635938859166,11.983430785387078,11.895657155152032,10.02286090872273,11.922364086904382,12.754192084471002,10.339200850319385,13.499092054644231,14.98880623721188
581:10.17020486852587,12.073283828474421,12.929565999825899,10.402560568494376,12.738604818974851,15.164762846843901,12.710367199081544,13.297963536846009,12.650634769770791
582:13.400450034999569,15.324334210338163,13.455038101299406,11.139679391521227,13.44613387512209,14.396877398270155,10.809469712637988,11.654413590047277,12.402955963808061
583:11.103405908248963,14.224481556921647,14.473381902136746,10.710662403286651,11.491660143190009,12.031333316333914,11.486163912226958,11.496960203828037,11.469927108650259
584:12.904162221512676,12.902062576898267,12.914339525430567,12.247848723313956,12.936177152270682,12.897903041014848,13.748148691848703,15.331994965840343,12.911869549077377
585:11.980558705411983,12.86771587484768,14.791390970516298,13.169599257459296,14.829890720644242,16.518945736202177,14.779793818294866,14.797868998388807,14.783267678068967
586:14.25054032468666,14.255412431690662,14.259250983759468,16.016944438571723,14.215619232492301,15.134941359079399,12.133994676700336,12.645648927500835,14.228383621377871
587:14.470207503464279,14.874944861153864,12.118241815893361,11.664998086324298,12.16011399235732,12.182450818277397,12.13845488732498,12.146842059415924,12.157722942191894
588:12.122872403189067,12.178323786568306,12.161125097649107,12.179867226032652,12.13580021140499,11.717590874979825,12.11767241230682,14.834886427666115,14.511787440023703
589:14.249978075346743,12.607556538023331,12.082870438189818,15.090019214511866,14.241341200080264,16.036046973473834,14.274121377249463,14.2512776468269,14.270595780642287
590:14.809120261611678,14.838264745320187,14.803179470616366,16.502359531649645,14.77270804028111,13.046819734031134,14.787669334693424,12.825473983018707,12.007287337065348
591:12.899343095896166,15.352815893238146,13.738174122620647,12.928344025802351,12.974288434545612,12.242346712594703,12.92089246896012,12.884688346037535,12.881233815760458
592:11.43959638577554,11.446581748123881,11.456131897624735,12.047386672807141,11.458284793013657,10.73475922716565,14.462007937197612,14.247798320551201,11.16460272609632
593:12.429641228543934,11.698344246711686,10.841710536490792,14.404121856792479,13.425712660064052,11.180217029142922,13.420692514274348,15.461357720974393,13.387304803605405
594:12.668352762946975,13.491408600549637,12.588918238566954,15.253644211048782,12.693793290573531,10.44392372742188,12.91639859795983,12.068445218326437,10.153458474528076
595:14.96862794847471,13.60910759770189,10.378363638976168,12.703381379480751,11.893990092154283,10.075780814164752,11.954549106856476,11.901766507301124,11.907013769959946
596:10.674121990691814,10.737129856155233,10.738530158530839,11.55709113208611,10.697769839445842,10.680744148169858,14.247771769830893,11.095115832035495,10.65371521184756
597:11.727517461571777,10.85177066814646,11.197904957829236,14.458784210520298,11.187635304051431,11.189354102107623,11.240188170678701,11.147790919612195,11.159763348969081
598:10.47981246242122,10.41502319754103,10.433610781551995,14.368501562299585,10.48376229426728,10.408143317076467,12.204603280578212,10.108404481178423,10.433616338209642
599:14.159243562679109,10.387550086133297,10.048533360659631,12.128518618885447,10.072938453949945,10.061678780162044,10.086920760006075,10.071476331826302,10.025169280856268
