0:0,0,0,0,0,0,0,0,0
1:12.781301917911252,23.213718062824753,13.268121473452357,12.997440404810325,13.0035436584439,14.190351805303031,12.69331857315287,12.721064940080211,13.291943754481341
2:0,0,0,0,0,0,0,0,0
3:0,0,0,0,0,0,0,0,0
4:17.940844934947194,17.807800267295587,17.80166778751554,23.220538265593365,17.63176770340603,14.396283259185731,16.962958851142417,18.139990959968607,15.572742352010923
5:23.234296575346118,20.88332978040512,18.11259996127217,20.487819103992926,21.053301643911833,18.80899947246295,21.05916036064026,18.003200265143967,21.062176765805745
6:14.321148952444748,22.149311609180565,13.893529636870529,7.360684967569733,14.075305755183942,6.9483286613724475,5.597282777188027,6.7169881873055655,7.716778284320435
7:0,0,0,0,0,0,0,0,0
8:8.145552780371546,8.37663797153889,8.226874533654541,22.10583151512233,8.65330180369147,8.478439819279712,12.696983881351636,9.907204223641566,8.168329164972343
9:20.561442343440355,17.587727411238845,18.525559668749565,22.144206459643325,18.57506010047236,15.562166535990038,18.499858246427582,18.555760429803804,18.501310330581216
10:0,0,0,0,0,0,0,0,0
11:19.37270338417988,1.240369350881878,1.8691425425483887,0.5773731369935308,1.9677671022796484,2.003956662185022,2.0456373100261254,2.0894578578161,1.6779468100880164
12:0,0,0,0,0,0,0,0,0
13:15.75906278683091,10.501993269191917,9.147534338938454,20.256589030314974,15.872375264441473,11.326585783621999,15.79630641940173,15.79731110999427,15.774395111172534
14:0,0,0,0,0,0,0,0,0
15:0,0,0,0,0,0,0,0,0
16:0,0,0,0,0,0,0,0,0
17:9.805971531854544,8.306682542153425,6.143599727925587,17.453433199060477,10.413575182769707,6.486981508016456,10.308622841868235,8.794128083668166,10.509857677815013
18:0,0,0,0,0,0,0,0,0
19:0,0,0,0,0,0,0,0,0
20:0,0,0,0,0,0,0,0,0
21:0,0,0,0,0,0,0,0,0
22:-3.8226645249602242,-3.762432489375105,-3.7938066587787693,12.422829087394804,-3.8572958326724573,-3.766432746251603,-1.1254470852127232,-2.3181695016467416,-3.756423700145983
23:0,0,0,0,0,0,0,0,0
24:12.94054603439448,12.458566364926048,12.712905552099047,12.748730394197555,12.741096694294356,13.93953829924483,12.61180825615278,23.22066895917456,14.234692718457266
25:0,0,0,0,0,0,0,0,0
26:0,0,0,0,0,0,0,0,0
27:0,0,0,0,0,0,0,0,0
28:19.751261764648483,19.925258464326387,19.864334289700892,19.26832436759343,19.904165770001146,17.152584585590485,23.183142876504053,20.05697648520099,17.849379519795736
29:18.803135822067848,19.54841071045853,16.458837916320718,23.188829813782423,19.645898380556996,17.204537039123366,19.72545986203186,12.92166718561768,19.683502580535652
30:0,0,0,0,0,0,0,0,0
31:0,0,0,0,0,0,0,0,0
32:8.815864310238425,8.769712257352554,8.449801568662787,12.392952539384371,8.67866028841292,8.760641003735667,22.143055473376233,9.719411479501627,8.606718057541947
33:22.08939722502047,17.715609574644805,18.43167033062157,20.8314797763768,18.439145800873632,15.4601029503663,18.48944631297333,18.505316517029623,18.4305229836008
34:6.454522617251844,6.649119541350011,6.609304835364364,16.27714856336396,6.656538379639759,5.9867859023377195,6.547866801497832,6.795546146945202,6.339574856642402
35:0,0,0,0,0,0,0,0,0
36:0,0,0,0,0,0,0,0,0
37:15.66931977206787,10.414204471421675,9.155614466403126,20.201516914971222,15.729295732980102,11.307305233319504,15.75766982652978,15.680612886709177,15.64189854032448
38:0,0,0,0,0,0,0,0,0
39:0,0,0,0,0,0,0,0,0
40:0,0,0,0,0,0,0,0,0
41:9.65062205554889,8.231414844632653,6.034446902678463,17.438148761377914,10.167914738556389,3.962473688691797,10.148143134621366,8.672219253213127,10.248646027171862
42:0,0,0,0,0,0,0,0,0
43:0.9618152130292574,0.24048724318019726,-1.4719941843659239,12.652287596485404,-1.8154053164868118,-3.500299780762907,-2.1556899820903253,-2.0531376611608634,-2.0154266428638907
44:0,0,0,0,0,0,0,0,0
45:0.001061326470742887,-1.8368945732184068,-3.189528085197657,13.299323260988725,-2.8652229970811756,-2.852908584802795,-3.077871846193372,-3.167811302977834,-3.288619659429545
46:0,0,0,0,0,0,0,0,0
47:12.430210816646383,-1.9244732606367791,-3.6659837161950715,-2.2676842249414766,-3.5214675947347525,-3.671595089976921,-3.5541453630214264,-3.4017689795616515,-3.708769396682551
48:0,0,0,0,0,0,0,0,0
49:0,0,0,0,0,0,0,0,0
50:0,0,0,0,0,0,0,0,0
51:13.214674791054682,23.20220038570001,14.374616252101037,12.954319386653035,12.8704926156411,13.745865262432059,13.17122611739436,13.374963635171415,13.280922935819431
52:0,0,0,0,0,0,0,0,0
53:0,0,0,0,0,0,0,0,0
54:21.425995437514704,15.389873272548492,21.444632600460217,23.2230749182394,21.415990632986205,19.436428676796165,20.99455691141544,21.167473576627458,18.97337625076507
55:23.17584731188513,15.876538792782213,13.331454555810327,14.89432546992413,15.358027000241053,12.584825885601791,15.45556761523504,15.26381121754968,15.163890177770874
56:0,0,0,0,0,0,0,0,0
57:7.444272397994105,7.82744463462716,7.973388540762087,16.83273115236268,7.841686128232055,6.765887798496665,8.027999139400956,8.135169653271255,8.035069469566285
58:17.594966454896266,17.52825601388275,17.442873644575585,22.152798025510197,17.465181539112017,14.570530296098319,19.37982413055836,16.569562732483167,17.61156339082482
59:22.143860476279833,9.379277253311967,8.760555912443692,11.920831322931933,8.782542948864297,8.457857935244713,8.886209694054285,8.814636918633466,8.68045061624293
60:0,0,0,0,0,0,0,0,0
61:0,0,0,0,0,0,0,0,0
62:14.670185904236,14.75742907311309,14.710444707555633,20.254171329473316,14.706602192301062,9.831394866679172,14.623778126439236,9.021709733751324,7.726582054517577
63:0,0,0,0,0,0,0,0,0
64:-2.259534745017505,-2.37744155321698,-2.1179775036471478,0.49756717344302503,-2.284434719322814,-3.666867871009589,13.172539266303431,0.30040390037333636,-1.7294525294677692
65:0,0,0,0,0,0,0,0,0
66:8.338062206961533,6.441621168553346,8.290747943734507,17.433536751595668,8.621502291099187,1.7916020832681303,7.640964910886254,6.373750374905412,4.123808409208595
67:0,0,0,0,0,0,0,0,0
68:-3.9462418337064986,-3.861293263537511,-4.145337013215193,-2.5810779756867075,-3.6621882849716796,-3.9559405555226586,11.418000474560607,-1.9423051848374429,-3.920556236562325
69:0,0,0,0,0,0,0,0,0
70:-3.0964337534988653,-3.080375746822938,-2.901799021324408,13.41569591451011,-2.949644135942216,-3.086305662125102,-0.09585943807198948,-1.7808652666112126,-3.031939936008947
71:0,0,0,0,0,0,0,0,0
72:0,0,0,0,0,0,0,0,0
73:0,0,0,0,0,0,0,0,0
74:13.28676513096266,13.092962610449854,13.149099319975777,12.99088520314718,13.298029282840915,14.106862579525476,12.956259189022044,23.19544584155632,13.777256633342738
75:0,0,0,0,0,0,0,0,0
76:0,0,0,0,0,0,0,0,0
77:8.601063281133865,9.176310926404408,10.981538378745231,10.120513958942333,16.394999291965952,10.049301150109116,16.456793056179585,22.144056136159342,16.36293799897658
78:21.43586120111914,18.4846869757493,21.457292798016905,20.987814173421075,21.472776714250074,19.4188933233547,23.20299996883688,21.225028143650846,18.970282137912886
79:14.811777240716884,15.78901947554543,13.539814731704126,23.21989009020797,15.145467145362845,12.533459826153022,15.403865001252619,15.385753004033015,15.555243606763744
80:2.303515434629959,2.3564067801369597,2.2590644391589527,1.29036835325208,2.2102834377188674,2.1709323949169588,19.51667956404265,1.4288724314235455,2.0920721750624285
81:0,0,0,0,0,0,0,0,0
82:17.480618189597884,17.55241977069676,17.60612522139081,22.142788543581606,17.470489490353817,14.357076234104474,19.285697363018407,16.65528153750846,17.459019682812972
83:22.145053739622394,10.105432252964132,8.97992441493815,12.095274987487002,8.635598031171407,8.618799184640363,8.911438328399106,8.758498216474537,8.621675485503392
84:0,0,0,0,0,0,0,0,0
85:0,0,0,0,0,0,0,0,0
86:14.75666925860212,14.701969550442296,14.666496688229024,20.264715814708925,14.811309699303017,9.822550188834164,14.74790252096383,8.861742162989287,7.720826305619853
87:0,0,0,0,0,0,0,0,0
88:0,0,0,0,0,0,0,0,0
89:0,0,0,0,0,0,0,0,0
90:8.377556429017075,6.409286826686304,8.498032722480671,17.453696599085927,8.525303365086103,4.396445539933666,7.666737799335759,6.340923366044143,4.228395440339544
91:0,0,0,0,0,0,0,0,0
92:0,0,0,0,0,0,0,0,0
93:-1.081434763770643,-2.3157790621043497,-3.93328428434586,11.417037366959676,-3.640849003265336,-3.8123858259071244,-3.888769869361791,-4.036205660655858,-3.9734869208681283
94:0,0,0,0,0,0,0,0,0
95:0,0,0,0,0,0,0,0,0
96:11.380088554578249,11.617826889928143,11.370181456241994,11.444597897900652,11.76019368925154,22.737504693826786,11.735424179003846,11.662568066333577,13.246252167652933
97:11.247642687403381,11.516255883175328,22.746519945681758,11.575995705141136,11.300528834878282,13.192291769212344,11.221671153080804,11.392510621881993,11.565319915171573
98:0,0,0,0,0,0,0,0,0
99:0,0,0,0,0,0,0,0,0
100:0,0,0,0,0,0,0,0,0
101:17.44202167057686,22.73896128478194,18.102248729628492,17.34068820485054,19.334676254203462,18.674515869946084,19.33165379040643,15.428252074229187,19.436018165524906
102:12.667972037788251,21.97774765090124,12.831747403556973,6.8706636397173995,12.810956196849165,6.910766157996976,5.757228285305318,6.727173376939411,6.934383057006359
103:1.3042698191869344,18.714876929762934,1.0839710537646101,0.4465374490046994,1.2285367726090768,1.1606951665792073,1.3357455641746647,1.3221794914372411,1.3691278841053338
104:12.848118987810484,12.93503837097219,12.81426033178635,22.765528089456616,12.622728232717977,12.992155103893154,14.071239071966977,13.729068980735262,12.78378459023907
105:22.76079051666562,19.356237125675328,19.886505727930558,20.316631407020786,19.93017845125521,16.411447087735446,19.92495377627752,19.941002802923187,19.901175066039695
106:0,0,0,0,0,0,0,0,0
107:0,0,0,0,0,0,0,0,0
108:0,0,0,0,0,0,0,0,0
109:16.424050741802954,11.003678375133953,10.209461966741442,21.456320527395903,16.321470149562803,10.857738514374528,16.512239692674775,16.329857425795872,16.315721608652428
110:0,0,0,0,0,0,0,0,0
111:0,0,0,0,0,0,0,0,0
112:0,0,0,0,0,0,0,0,0
113:0,0,0,0,0,0,0,0,0
114:0,0,0,0,0,0,0,0,0
115:0,0,0,0,0,0,0,0,0
116:0,0,0,0,0,0,0,0,0
117:0,0,0,0,0,0,0,0,0
118:-1.8765785966969002,-1.859208991452633,-2.0521212371977677,13.215986381930813,-1.9868127728487235,-1.971720585777358,0.25742039846208054,-1.0086137526310228,-1.8355070563383582
119:0,0,0,0,0,0,0,0,0
120:11.202210631992866,10.848305983988828,11.0096807467926,11.047113284422766,11.340178486520031,12.528721625428096,11.037131382129923,10.894721545899435,22.49901907401601
121:10.623658046421909,10.75634930781848,12.235737917699492,11.001667370945588,10.65881963037601,22.486276876948985,10.652987035853137,10.71813854270895,10.839391392496962
122:0,0,0,0,0,0,0,0,0
123:1.9754153269421408,1.8893011492715992,19.511464258487205,2.0807911776754286,2.312249931538987,2.4599683864292823,2.01092621926071,2.117100418580389,2.157136655869932
124:15.724218964590138,15.836474715488148,15.597613590034957,14.272184104983213,15.535050670533533,14.87048385653178,14.014958478235563,22.48120793026753,15.146166899802797
125:0,0,0,0,0,0,0,0,0
126:16.1036292330728,22.483051675077835,15.946250742073644,9.826392703959142,16.08156066635879,10.238385855705012,9.935729252302886,10.502928382541294,10.740318901425969
127:2.433370864284113,19.592081240493854,2.7839964728404305,2.4456954522905363,2.7347688530753334,3.070189591237524,2.63618494759315,2.7236322855901793,2.7624796002127097
128:12.42923150141921,12.065795898660967,12.096385579826807,13.152102314035915,12.00941704701291,12.042533622374846,22.48460904758991,12.601029546757443,11.856236073392175
129:19.270458516272303,18.47293426190203,18.728741701935714,22.493754613443663,18.744273566424052,15.26034669699207,18.672883761691036,18.809442197476834,18.76392261225987
130:0,0,0,0,0,0,0,0,0
131:19.560127315140793,2.379252032983573,2.8331791445655297,2.9311825963717544,3.102924777678835,3.042950383599216,3.1248219699214834,2.941700199773246,2.912120787717449
132:0,0,0,0,0,0,0,0,0
133:15.53690422444663,11.036322424172104,10.244943102320452,20.680192511907787,15.560489460579953,11.582373606502381,15.61747102745795,15.473630448361455,15.531064261378924
134:0,0,0,0,0,0,0,0,0
135:0,0,0,0,0,0,0,0,0
136:0,0,0,0,0,0,0,0,0
137:10.646380859700574,9.844781708523783,6.6250529259992845,17.7086427855792,11.25662219127075,6.791450407613985,11.056964224378499,9.941007621037462,11.162396491790895
138:0,0,0,0,0,0,0,0,0
139:0,0,0,0,0,0,0,0,0
140:-1.2184794110087425,-1.1114204259018563,-1.1216154230254252,1.0797466713657218,-1.0817712887852065,-1.1632459981559193,13.99480204875477,-0.9005049751727165,-1.2635041450563946
141:0.9951176557224015,-1.055679134391111,-0.961774669303139,14.003826808211569,-1.0480061424789298,-0.7600992758909723,-1.0767313358123776,-1.0195745488826258,-0.875711948458469
142:0,0,0,0,0,0,0,0,0
143:0,0,0,0,0,0,0,0,0
144:2.1476314731148225,2.4739940226666493,2.5266111620978,2.2690880785316523,2.425366834931861,2.810927197706772,2.2103035717262993,2.2427521873203835,19.85684561204562
145:0,0,0,0,0,0,0,0,0
146:11.021119435306307,10.8713533839158,11.11749739771962,10.827275383252514,10.708743533617993,22.49715600914745,10.616537746848683,11.117670513896734,12.350943236749806
147:11.410779159722491,10.867849781918384,22.525149131713434,11.175020040211184,11.088164773617496,12.517796521582843,10.988209410622403,11.23872974149966,11.35154079650404
148:3.016141758625102,3.2259502158593043,3.0183780119851407,2.6242599232826924,2.9949893318306233,3.217035074781295,2.7574972566266562,19.753439699635237,2.726792331799091
149:12.133891373510682,12.284832404066838,12.658254714904208,12.175536536663156,17.64796046855538,12.486555915651868,17.695119745540076,22.514617449910784,17.614719875419595
150:0,0,0,0,0,0,0,0,0
151:12.6118760936154,22.457381241508898,13.790291046486765,12.863806568715741,13.963013590889407,13.42483572279686,13.982849579368699,14.158833680923923,14.119626140185789
152:3.082903090320683,3.221427835068289,3.278948125247849,3.182693844817138,3.252850085254962,3.185700465279035,19.6935520545359,2.943334167896654,3.2773235677657566
153:0,0,0,0,0,0,0,0,0
154:17.575007507054064,17.67371509880785,17.802637931044487,22.502117110716938,17.80206944050542,14.160810034538539,17.96999148982508,17.220651112071078,17.541340285771824
155:22.474063454834518,12.6148261955578,11.976326857627365,12.645913508570358,11.96286242928555,12.127972053475009,11.995291377252709,11.994601788914487,12.168588779621722
156:0,0,0,0,0,0,0,0,0
157:0,0,0,0,0,0,0,0,0
158:14.468842339071347,14.380589700677634,14.407209331680718,20.64121655594988,14.535096413028445,10.459862470256411,14.497748834682406,9.507781091417424,8.863935127431153
159:0,0,0,0,0,0,0,0,0
160:0,0,0,0,0,0,0,0,0
161:0,0,0,0,0,0,0,0,0
162:10.135376331701512,8.144666928240225,10.050512249761084,17.824597640156064,10.231160219661874,5.399517264027965,9.087656112483169,8.43982105724097,5.297918401334074
163:0,0,0,0,0,0,0,0,0
164:0,0,0,0,0,0,0,0,0
165:0,0,0,0,0,0,0,0,0
166:-1.029587792802527,-0.9204816540293349,-1.006824433938477,14.39030829894224,-1.0090503309434382,-0.8866726124757424,1.1055334093223166,-1.07554782650008,-1.063752573009265
167:14.382662158252478,-1.001407065379461,-1.078162938335898,1.2236370911695682,-1.2600769838766084,-1.0181826778334626,-1.035980540454773,-1.051445835732976,-1.1295583549591357
168:0,0,0,0,0,0,0,0,0
169:0,0,0,0,0,0,0,0,0
170:11.837617972776956,11.687909408378406,11.595102873716012,11.74401579716159,11.935585518587436,13.662451865074202,11.842247658610644,11.896060584844935,22.745400526340944
171:11.686750112673812,12.058260533867758,13.670871033564847,11.785745695623111,11.776123158510913,22.77298370989807,11.983364883352612,12.034793393865067,11.852979269783269
172:1.78132235210458,1.849693994598913,1.7577176247961275,0.8736920915022565,1.6981062696478169,1.5007979888554421,1.6978026999409774,18.902137106179413,1.6870678276296323
173:9.025435668472737,10.092270427473252,9.706935190730555,9.88422368778868,15.60599930444401,10.110753054954008,15.641199491970356,21.971531261653723,15.469492783289725
174:20.570990205981413,16.98537695759346,20.573897873498602,19.273742540097075,20.512327971347254,19.876793355379856,19.319100826555246,22.733498311305407,19.483082055142496
175:0,0,0,0,0,0,0,0,0
176:0,0,0,0,0,0,0,0,0
177:0,0,0,0,0,0,0,0,0
178:19.059104887975423,18.953363438921503,19.007726390796964,19.502972664396076,19.03513434130608,15.46599496921558,22.75125920807655,18.156419191999774,18.92692865889344
179:14.43876049494245,13.507942737043567,12.778213316997876,22.781857667937974,12.632362821152027,12.997042241795802,12.839958343797411,12.691907564738688,12.882974651703963
180:0,0,0,0,0,0,0,0,0
181:0,0,0,0,0,0,0,0,0
182:14.91039191804291,14.867764109754388,14.942712340100957,21.48291584862412,14.9329419908069,9.22698903395308,14.950015351629219,8.95013986559147,8.16818538935557
183:0,0,0,0,0,0,0,0,0
184:0,0,0,0,0,0,0,0,0
185:0,0,0,0,0,0,0,0,0
186:0,0,0,0,0,0,0,0,0
187:0,0,0,0,0,0,0,0,0
188:0,0,0,0,0,0,0,0,0
189:-0.22295216166450293,-1.4959277634839585,-2.169753292706945,12.200707115127724,-1.9193857160877599,-2.079523530846316,-2.1260026159663123,-2.2936227157523246,-2.17194524356041
190:0,0,0,0,0,0,0,0,0
191:0,0,0,0,0,0,0,0,0
192:6.000538155621047,6.017120900744268,5.774046862306901,5.878943288497407,5.955564739300965,9.897511642812649,6.016904815021452,5.658168699083863,22.093156306282353
193:5.598948104759309,5.805246941576199,22.08721369381296,5.387650543812994,5.699038280681504,10.292028297654788,5.45940429903716,5.3925328883084,5.660731411830278
194:0,0,0,0,0,0,0,0,0
195:1.3307789295714807,1.0239490720602746,19.381096729439427,1.1066820093265088,1.1886351567158615,0.45987115625413183,1.3029390811091421,1.164801115960311,1.149528022114089
196:15.937589092865354,15.71252339797197,15.557612138351857,12.0341468629719,15.682800207401664,23.158088899280077,11.520531828011618,16.079401533459563,16.00118131578044
197:14.884019110963221,18.569090161543315,23.157961946528445,14.46366478866135,18.994717895671737,18.85675591921995,18.99689533248581,15.484509098609042,19.002675454662093
198:12.991741590703684,22.092279229798418,12.974667881800691,5.9297995253225775,12.715716873054019,6.249092869421911,6.199794447118952,5.70992135718163,5.8825281368973235
199:0,0,0,0,0,0,0,0,0
200:0,0,0,0,0,0,0,0,0
201:19.563460850278652,23.170566125714217,19.463002507551355,19.625200541164322,19.594725295254147,13.407921923250443,19.508060621576377,19.553730345341002,19.466637559055815
202:0,0,0,0,0,0,0,0,0
203:0,0,0,0,0,0,0,0,0
204:0,0,0,0,0,0,0,0,0
205:0,0,0,0,0,0,0,0,0
206:0,0,0,0,0,0,0,0,0
207:0,0,0,0,0,0,0,0,0
208:0,0,0,0,0,0,0,0,0
209:0,0,0,0,0,0,0,0,0
210:0,0,0,0,0,0,0,0,0
211:0,0,0,0,0,0,0,0,0
212:0,0,0,0,0,0,0,0,0
213:0,0,0,0,0,0,0,0,0
214:0,0,0,0,0,0,0,0,0
215:0,0,0,0,0,0,0,0,0
216:5.41075173325878,5.483408504584248,5.230684502916623,5.24050702722782,5.716025367732371,9.557475652456954,5.350353874021908,5.3192253477271265,21.612156264380783
217:5.345683697154743,5.139853881009707,21.563868301787497,5.09874430989107,5.158770861186642,10.32424388179408,5.178325998348466,5.355577440618857,5.44946453890921
218:0.5883686626377155,0.7036796160843399,0.8367228261616683,0.7190576058945245,0.7652468370094774,16.149910631662706,0.8623695465379408,0.5261132539907452,0.9417859908786999
219:0,0,0,0,0,0,0,0,0
220:15.100238671406933,14.985202078251904,15.14108242611184,11.099919020852722,15.223637383639536,14.31358750815844,10.993752790608768,15.49298794231865,22.95709096803523
221:13.85605114731853,17.948734984744682,17.10802140709332,13.381175148232044,18.539286631007506,22.969796240385385,18.572797838330537,11.802589804220617,18.474008752217888
222:0,0,0,0,0,0,0,0,0
223:0,0,0,0,0,0,0,0,0
224:12.598357847744332,12.353509205410084,12.532988008977377,13.161331732387339,12.710928035483906,12.783127946602793,13.8151470345668,22.94558132319177,12.683957681992593
225:0,0,0,0,0,0,0,0,0
226:0,0,0,0,0,0,0,0,0
227:0,0,0,0,0,0,0,0,0
228:0,0,0,0,0,0,0,0,0
229:19.539963331318344,13.23920920056759,14.867420499104968,22.953963509520385,19.457370709563754,15.526689372140638,19.546330986889238,19.52200497026067,19.502328945640247
230:0,0,0,0,0,0,0,0,0
231:0,0,0,0,0,0,0,0,0
232:6.186458053866776,5.962866611322515,6.15953776928429,4.3667735147506646,6.252639164819717,1.9354919021800492,20.644825198976434,6.950127974440092,2.0419017384686526
233:12.689514685842227,14.344537202155925,10.049085092519771,20.57209998251288,15.12778640792893,10.16215220546119,15.036193609806176,11.018112082103588,15.120696660657975
234:0,0,0,0,0,0,0,0,0
235:0,0,0,0,0,0,0,0,0
236:1.334851367479484,1.1323681510363377,1.081699199359851,4.9763557164774985,1.161607055159291,1.1314926877202853,17.00403870127564,1.6521754047949095,1.085549608686621
237:5.036600330674913,1.2161296962400698,1.3753018342422865,17.03262626758867,1.5940328046917178,1.3538632851133099,1.5913069666424313,1.4475369396706232,1.4325590320056405
238:0,0,0,0,0,0,0,0,0
239:0,0,0,0,0,0,0,0,0
240:0,0,0,0,0,0,0,0,0
241:1.0785243150066217,0.9269674909410383,1.2260232727784237,0.8672997687593216,1.0609655696172657,16.818286772621065,0.9352538953124298,1.0426040680095596,0.8494263677824904
242:5.223056924255416,5.264300295204586,5.597435896739129,5.259393276918852,5.366005281142184,10.341606739008581,5.209663370846468,5.724699879315611,21.57488640328458
243:5.905680345300025,5.310311905937303,21.600295711424103,5.645120200164153,5.79446881710552,9.675523448652294,5.592021606992226,5.53646476752001,5.651081762121056
244:0,0,0,0,0,0,0,0,0
245:0,0,0,0,0,0,0,0,0
246:19.97700726045333,14.12268764623979,19.960798300335004,15.746346729605992,20.001507577339638,22.947105385554707,16.256457565157024,19.657470244078834,18.894280233003187
247:10.647371286311747,15.650450293454448,22.912226898141906,11.50656936239681,15.118543969452253,14.621362834381696,15.081493062000387,14.846453811037012,15.048905338835919
248:0,0,0,0,0,0,0,0,0
249:0,0,0,0,0,0,0,0,0
250:0,0,0,0,0,0,0,0,0
251:14.103054491194621,22.944851979186012,12.399069366883367,12.961145304647589,12.56978332242396,12.645069574522378,12.543253886456718,12.543813932011828,12.392514265817688
252:0,0,0,0,0,0,0,0,0
253:0,0,0,0,0,0,0,0,0
254:18.804164591185575,18.857653361823793,18.831785843275835,22.939043685461158,18.923736377195876,14.756759543988315,18.9312807725517,12.008929129204452,13.832026741131981
255:0,0,0,0,0,0,0,0,0
256:0,0,0,0,0,0,0,0,0
257:0,0,0,0,0,0,0,0,0
258:13.706113606444436,8.617573162357107,13.620107577623108,20.639657633373343,13.662706978174771,7.963920259024797,10.60012551281861,12.838139162098077,7.795089653760274
259:20.588546666444596,7.449301603252768,2.429995554986974,4.511229094937419,6.342082874514217,2.1542492956184103,5.976853424423779,5.931775838688198,6.277986561958572
260:0,0,0,0,0,0,0,0,0
261:0,0,0,0,0,0,0,0,0
262:1.2967456283466217,1.45761045419404,1.0998807636814643,17.364862894660956,1.1810801400700335,1.1702995872421234,5.0093796639028625,1.2160168252731933,1.1337426109593427
263:17.296862430008414,1.241593415387581,1.2835383454302758,4.833365669223867,1.1738125148702052,1.154700294016972,1.1075440297308168,1.2609039549183056,0.9795411524746408
264:1.5179355743494096,1.558492926639727,1.18286662144917,1.2217555107844158,1.5059923643483695,0.6201480709575193,1.210008387440908,1.0610961772727325,19.506974876714498
265:0,0,0,0,0,0,0,0,0
266:6.096298599420674,5.830415654955267,6.0532009096428006,6.027783390257533,6.090977522974336,22.088256976332993,6.101165099280752,6.002769191467146,9.397264574106444
267:6.3528840061927525,5.885653394786643,22.08520931988387,5.9551904678630105,5.924886348803406,10.051612312344153,6.194456620280836,6.285985328747087,6.130213561811773
268:0,0,0,0,0,0,0,0,0
269:10.237078663434502,9.126610344977422,9.415597383778316,9.726591656485299,15.979494089873617,10.060967840899666,16.075458972108418,22.10291344411213,16.21170286712155
270:20.5084149534673,17.4106236661876,20.51813106894307,17.28527479576321,20.528461858501952,20.281494690259724,17.195643751787102,20.174289886869676,23.168831668285897
271:11.191722643404127,15.591622817794423,15.021341192359264,11.350265860743262,14.563223610350256,23.162507532981603,14.651539847957991,14.521735830034794,14.812043556086692
272:0,0,0,0,0,0,0,0,0
273:0,0,0,0,0,0,0,0,0
274:17.389862569848574,17.360529626043906,17.24566911592432,17.26403131897407,17.339904715489244,10.864200343151445,16.95771476803444,23.15879877286346,17.25302921226414
275:0,0,0,0,0,0,0,0,0
276:0,0,0,0,0,0,0,0,0
277:0,0,0,0,0,0,0,0,0
278:0,0,0,0,0,0,0,0,0
279:0,0,0,0,0,0,0,0,0
280:0,0,0,0,0,0,0,0,0
281:0,0,0,0,0,0,0,0,0
282:0,0,0,0,0,0,0,0,0
283:0,0,0,0,0,0,0,0,0
284:0,0,0,0,0,0,0,0,0
285:0,0,0,0,0,0,0,0,0
286:0,0,0,0,0,0,0,0,0
287:0,0,0,0,0,0,0,0,0
288:0,0,0,0,0,0,0,0,0
289:0,0,0,0,0,0,0,0,0
290:0,0,0,0,0,0,0,0,0
291:0,0,0,0,0,0,0,0,0
292:0,0,0,0,0,0,0,0,0
293:0,0,0,0,0,0,0,0,0
294:0,0,0,0,0,0,0,0,0
295:0,0,0,0,0,0,0,0,0
296:0,0,0,0,0,0,0,0,0
297:0,0,0,0,0,0,0,0,0
298:0,0,0,0,0,0,0,0,0
299:0,0,0,0,0,0,0,0,0
300:0,0,0,0,0,0,0,0,0
301:17.29043329606957,23.173844837098272,16.580556072910365,10.68809290663881,17.070939132439456,17.440493716631778,17.31796305902102,17.209764274802197,17.149118364810224
302:0,0,0,0,0,0,0,0,0
303:0,0,0,0,0,0,0,0,0
304:14.2522850669219,13.985841439180394,13.988218445367464,23.208932710813475,14.229648200778874,10.787825675321002,14.631725297084772,15.320094629845576,11.036309469578251
305:23.171538974206275,20.190843771967717,17.26026436639034,20.471640930766235,20.628154950528558,17.285490405986412,20.598030012343926,17.487435048628665,20.515374392976273
306:16.180654119814246,22.094664885483105,16.199580343001216,10.12665056363054,16.1470071666011,9.701099422220894,9.248670107328056,9.230477835981576,10.513701760386306
307:0,0,0,0,0,0,0,0,0
308:6.235517629300358,5.696194907324112,6.09416735100288,9.430562655087023,5.858995604476359,6.031394402179678,22.093447252671027,6.2531280959225635,6.225232375762299
309:9.597141251708326,6.219801861485756,6.0510349201262965,22.119323990906654,5.836035788968259,6.11837610261127,6.348143714651044,6.240084817600185,6.5182072994632225
310:0,0,0,0,0,0,0,0,0
311:19.471009826594024,1.1183110848436006,1.395208219297814,0.672877901997941,1.4418513337327004,1.3733393651493118,1.676043745237909,1.4304624093203162,1.5976926675122216
312:1.0942667103340362,1.0296990946933993,1.1223571504530907,1.0235472337065121,0.9158918749594628,4.832553295530738,1.1735914211022809,1.2081821178557193,17.300261285740017
313:1.2436890906142997,1.1325815093634182,4.864873364901659,1.1491210492452333,1.2947012619010865,17.32898470070321,1.1184847396296869,1.1800072185147505,1.5346992588374955
314:0,0,0,0,0,0,0,0,0
315:0,0,0,0,0,0,0,0,0
316:6.05990658185729,5.910902078165258,6.359584442851472,2.0179511528447684,6.225597763176067,4.32283653143511,2.2538711101213904,7.254577504044537,20.585736353201057
317:7.453605269017584,12.596773008812807,10.600449217647233,7.725485118883547,13.270583691699382,20.611308983294236,13.454374456689076,8.241442902473212,13.599672432916277
318:0,0,0,0,0,0,0,0,0
319:0,0,0,0,0,0,0,0,0
320:0,0,0,0,0,0,0,0,0
321:13.657889333638257,11.896034215610964,18.845384048104066,14.664703919492037,18.695786155563177,22.97245511101711,18.75875991108997,18.67829499877372,18.640004425367284
322:0,0,0,0,0,0,0,0,0
323:0,0,0,0,0,0,0,0,0
324:12.617904323141975,12.459499458397737,12.494560556982428,12.53208908999905,12.382231664829474,12.855060429032639,12.273468295756826,22.94884330450653,13.894491460491677
325:0,0,0,0,0,0,0,0,0
326:0,0,0,0,0,0,0,0,0
327:0,0,0,0,0,0,0,0,0
328:13.95117813956198,14.214090869092653,13.77328044125647,13.450424965245118,13.943335649876051,10.097215102126937,22.914655483907595,14.67756074817514,10.301286293290849
329:19.240434347433734,19.748319827474567,16.45428115055918,22.94506248337734,20.22832405115454,16.571528052208624,20.197135741644537,14.329908683054217,20.18069607285571
330:0,0,0,0,0,0,0,0,0
331:0,0,0,0,0,0,0,0,0
332:5.491381873571662,5.494255750216662,5.411372395558461,9.304462842913024,5.789553780371592,5.824636939217518,21.60375721015342,5.93544859932288,5.45757633881574
333:9.408730129658357,5.659221629156957,5.654826970143676,21.583195753503805,5.743110998504262,5.574427452597208,5.789965304434249,5.768443258952419,5.543970166908852
334:1.1371144285136952,0.8393666830198389,0.9855556738143336,16.73591690497129,0.6681343855902195,0.8450915067684553,1.3364693862909631,0.7197994303663582,0.8640979475154406
335:0,0,0,0,0,0,0,0,0
336:0,0,0,0,0,0,0,0,0
337:0,0,0,0,0,0,0,0,0
338:1.2437213034532602,1.5235931282149995,1.5086949745202978,1.3893511855009162,1.492107993149729,17.11250484186155,1.3814762309280333,1.0687905021295407,5.0533411245810225
339:1.1693439331486881,1.4722737257832552,17.032299923494566,1.2809155791042621,1.0277763061064378,4.996066102836714,1.0255277559238163,1.2993093609023163,1.1703108962440791
340:0,0,0,0,0,0,0,0,0
341:0,0,0,0,0,0,0,0,0
342:14.972352603262294,10.8638740113685,15.07715250284515,9.960467993342915,14.96971370587453,20.6238331649117,9.869328766508783,14.195959237523148,12.501579047653118
343:2.681910766269029,7.111859406643885,20.580019484818976,2.048244610669071,6.311029785506017,4.707591952922297,6.342491234824789,6.399044054487707,6.27867766618475
344:0,0,0,0,0,0,0,0,0
345:0,0,0,0,0,0,0,0,0
346:19.43756000835567,19.50890397423056,19.565485262456317,15.533206884359878,19.37182278914179,22.931910516358805,14.9897742983343,13.281758374095885,19.510747012665274
347:0,0,0,0,0,0,0,0,0
348:0,0,0,0,0,0,0,0,0
349:0,0,0,0,0,0,0,0,0
350:0,0,0,0,0,0,0,0,0
351:12.477874437784244,22.953472456316334,13.965585998206556,12.363506658003171,12.260776064479177,13.127933770622597,12.430561039747502,12.845086011322534,12.224495336479928
352:0,0,0,0,0,0,0,0,0
353:0,0,0,0,0,0,0,0,0
354:18.71311517203949,11.852229477340178,18.669330210913685,22.929357960267645,18.470411546995056,13.729894405638191,17.3876589172928,18.027687856134474,14.198935240647407
355:22.926256569788144,15.674341470482444,10.971705524510844,14.37872077617745,14.83871057554824,11.009066694890064,15.036126410894514,15.217584615317111,15.187782694164087
356:0,0,0,0,0,0,0,0,0
357:1.2416600753149085,0.6736551485170104,0.6180781772549518,16.10484556558173,0.74509082775549,0.707843922139309,0.6618158871628496,0.6988657332710736,0.5942727790959019
358:5.108817967589158,5.353548959822125,5.526298228975006,10.460690067478291,5.218054517374451,5.492635071444181,21.558698351811906,5.583579074809691,5.042667515403486
359:21.597540665591204,5.108407406272859,5.713798056991251,9.818092343587558,5.692625242768249,5.813555502352778,5.579576720319256,5.544203390009074,5.807718664294428
360:0,0,0,0,0,0,0,0,0
361:0,0,0,0,0,0,0,0,0
362:0,0,0,0,0,0,0,0,0
363:0,0,0,0,0,0,0,0,0
364:0,0,0,0,0,0,0,0,0
365:0,0,0,0,0,0,0,0,0
366:0,0,0,0,0,0,0,0,0
367:0,0,0,0,0,0,0,0,0
368:0,0,0,0,0,0,0,0,0
369:0,0,0,0,0,0,0,0,0
370:0,0,0,0,0,0,0,0,0
371:0,0,0,0,0,0,0,0,0
372:0,0,0,0,0,0,0,0,0
373:0,0,0,0,0,0,0,0,0
374:19.514499494479544,19.564921812306203,19.567007551035722,13.331897618915324,19.628624279193595,19.690581065337078,19.51949840375592,23.18183368393017,19.4302993196126
375:0,0,0,0,0,0,0,0,0
376:0,0,0,0,0,0,0,0,0
377:6.2585044180002285,6.007722820200462,6.350971451249631,6.3928098409281295,13.333111855346148,6.273765012982573,13.403271272590047,22.09991160824865,13.393987394124578
378:19.52049714292971,15.988069567711953,19.46736170369761,19.22691434040739,19.490762480517695,15.423510948762456,23.171852778216905,18.93129320579116,15.548703002910033
379:14.906927867338194,15.393572132372176,10.921962098273342,23.155062814701296,14.479599630684085,11.142537345544453,14.475164930346972,14.53447520646425,14.198077182612145
380:1.2100674550893535,1.4209279408555866,1.1200393158490567,0.547836163783862,1.4049606617308739,1.3735744469234152,19.386506608492567,0.9500235682566112,1.3437166059736816
381:0,0,0,0,0,0,0,0,0
382:5.718191639432542,5.881879615487992,5.701797195927011,22.098006192011248,5.804210389911397,5.830442019206637,9.511126555537812,5.835437775894155,5.60724756628084
383:22.090281401428843,6.149458293633493,5.928368791866508,9.421904167229256,6.160054118975384,5.798834422215941,5.8317604409196075,5.886927444917316,5.909268186218309
384:0,0,0,0,0,0,0,0,0
385:0,0,0,0,0,0,0,0,0
386:-2.2989400402539673,-2.105706227704246,-2.153647303466237,-2.1139393999235874,-2.0453868686946497,12.234727127361518,-2.1882809575144457,-1.1998524642987116,-0.22425181167932054
387:0,0,0,0,0,0,0,0,0
388:0,0,0,0,0,0,0,0,0
389:0,0,0,0,0,0,0,0,0
390:0,0,0,0,0,0,0,0,0
391:0,0,0,0,0,0,0,0,0
392:0,0,0,0,0,0,0,0,0
393:7.88777597839,8.849317183263027,14.655984020957678,9.193593850265811,14.653944835766529,21.43610410977861,14.660139749304209,14.594829232434396,14.622618478570542
394:0,0,0,0,0,0,0,0,0
395:0,0,0,0,0,0,0,0,0
396:12.925829249872638,12.610191190671687,12.511333348598548,12.571472388360041,12.910792424164327,22.761583478617972,12.462516698957836,13.497698717594412,14.347265924949424
397:18.735088088556672,18.189723697962823,22.76089501589362,15.314357016941788,18.735498839449793,19.446297015190375,18.85891678660714,18.812467579677907,18.84691512286171
398:0,0,0,0,0,0,0,0,0
399:0,0,0,0,0,0,0,0,0
400:0,0,0,0,0,0,0,0,0
401:19.348626220270557,22.776867262944535,19.093198324031068,19.80042650219627,20.396125469799966,19.08644946712107,20.292291887803884,16.76613905084938,20.39596612968805
402:15.640075670938225,21.992301264986875,15.651726135145337,10.303576671438291,15.609712923498762,10.072935783252131,9.765417575732984,10.022261785218541,9.051679951189637
403:1.7546344358095483,19.01321406957583,1.660071611807513,1.5355480914221342,1.9114846512733612,0.4809659557731711,1.4133442587598741,1.5742285434857122,1.4935828349562175
404:11.822816363533631,11.721288453822474,11.725492914927628,22.762331966221588,11.47498621746927,11.673697718136726,13.567135201341618,12.011956069711587,11.78980103398682
405:22.734825280473768,11.487277164845006,11.715048189689444,13.472480745629705,12.151740120993447,12.005523631593443,11.882756072828398,11.751671677987648,11.614374036210878
406:0,0,0,0,0,0,0,0,0
407:0,0,0,0,0,0,0,0,0
408:-1.0432170223663184,-1.0570053469445693,-1.1509969967860927,-1.155450639372531,-1.370170510166665,1.081765922417814,-1.2073271021954082,-0.9328936142311002,14.353193676858316
409:-0.9567036025480217,-1.22342946838592,1.1562345605097866,-1.0599083706145043,-0.8954312507981375,14.316747710956022,-1.12249374552419,-1.1351709261584764,-1.0346090747395753
410:0,0,0,0,0,0,0,0,0
411:0,0,0,0,0,0,0,0,0
412:0,0,0,0,0,0,0,0,0
413:5.206382662602101,8.191950468574335,9.019416671781272,5.023916745945498,9.917744924219047,17.753489820811897,9.741857333532524,7.847672391909132,9.917095845331882
414:0,0,0,0,0,0,0,0,0
415:0,0,0,0,0,0,0,0,0
416:0,0,0,0,0,0,0,0,0
417:8.679031148355214,9.328299837991478,14.110649715263664,10.19812554718743,14.208699474654887,20.66740738559196,14.161759597170198,14.365888254582584,14.335286648722443
418:0,0,0,0,0,0,0,0,0
419:0,0,0,0,0,0,0,0,0
420:11.918429136432842,11.743111530713746,11.814725920028986,12.01573057115494,12.088557846992463,12.693262580527838,11.966407064267486,12.673071307554252,22.497768717614708
421:17.5804099448318,17.12354744683954,18.00946898451788,14.112048772525915,17.550067093066964,22.487418840851173,17.56071980654978,17.558986238382364,17.49851682053477
422:0,0,0,0,0,0,0,0,0
423:3.2272958784879977,2.970307130769742,19.723367807017546,3.272464768749514,3.1952241280539004,3.0035185315230315,3.2806819031021464,2.962432801947157,3.1019804569706744
424:14.67464577563956,14.624818914152096,14.561565027784267,13.887151059367682,14.764774234151414,13.507409211998594,14.337884648616114,22.464025235988025,13.470589744349354
425:0,0,0,0,0,0,0,0,0
426:17.547505920619344,22.502034095667312,17.624056688285545,12.252204468434678,17.627714855164896,12.014847414509612,12.594323482347693,12.470139409591331,11.926568131758804
427:2.9675625753942363,19.75484691791657,2.5697374353890994,3.3179813686922204,3.1048219316541763,2.8236361510685586,3.1681202445978993,3.174967009762624,3.1085276232965753
428:11.469860792468703,10.907221112166473,11.18378498756815,12.381005727483242,11.191462270300566,11.144951546674973,22.506473953132673,10.902581886377291,11.081142643505707
429:11.917230520311689,11.313499791097613,11.028896338122541,22.464659743126234,10.899685573429029,11.002907001934608,10.979022877100046,10.907221107754088,11.23052453373296
430:0,0,0,0,0,0,0,0,0
431:19.760457604093954,2.2489561635804436,2.1956147402353805,2.5409283980091817,2.4078915615504166,2.464730435916318,2.2045634661097586,2.4167501098934716,2.2283115988985243
432:0,0,0,0,0,0,0,0,0
433:0,0,0,0,0,0,0,0,0
434:-1.1179739887329943,-0.8027685625034718,-0.8456171194300109,-1.0027629049933013,-0.903833311317116,14.033683401420822,-0.9249602788570641,-1.0473678959421904,1.2649678179854285
435:-1.0505461833810181,-0.9247219577520139,14.048673115322982,-0.996013959676833,-1.0711235794779563,1.5114601595447554,-0.9947925106868515,-1.026246001407508,-1.0933044479401273
436:0,0,0,0,0,0,0,0,0
437:0,0,0,0,0,0,0,0,0
438:11.203280938619773,9.71306420853697,11.120780792939257,6.738645728007133,11.093580529912465,17.79220713523852,6.5064354436038085,9.735932399857644,10.477835352590155
439:0,0,0,0,0,0,0,0,0
440:0,0,0,0,0,0,0,0,0
441:0,0,0,0,0,0,0,0,0
442:15.512160860004066,15.59634450368474,15.549218536182792,11.581357572649353,15.520427141022964,20.7271990797681,10.201778424322752,10.958363747138723,15.674895118335632
443:0,0,0,0,0,0,0,0,0
444:2.943987900183619,2.9797419619547805,3.0158871540424608,2.955422748676494,2.8268243030133724,2.6361869372105695,2.800476130090515,2.486915752872925,19.489715403520442
445:0,0,0,0,0,0,0,0,0
446:18.73325690649198,18.589705713392465,18.653105960418912,15.415143378482519,18.726157326593228,22.495491024561222,18.808276562345238,18.53781235125568,19.168791758257118
447:12.081939747902046,12.696657596973457,22.490629376226273,12.48725444657213,12.390989465575785,13.025985837853002,11.96028285930512,12.22190504706759,11.808951833338044
448:2.757176311314037,2.905213966133289,2.8051445483298747,2.9636835416298375,2.813418109964045,2.397789290452622,2.7937412018771046,19.479886979462798,2.3667120231823904
449:10.717746854583483,10.74302003648136,9.981261321790466,10.394943975361391,16.1479714652509,9.998205777084053,16.11434849822094,22.510193830425326,16.20543596055851
450:0,0,0,0,0,0,0,0,0
451:14.325660077951856,22.49844111215748,12.962079917120493,13.504888889737039,14.519964080570032,13.082022127712573,14.306921076073815,14.341468615718442,14.252511281981874
452:1.9687353927525926,1.952646259883465,2.1209507045971976,2.454284434244399,2.0925855193042544,2.1860468115055522,19.53780148971008,2.1445239383650416,1.9264616880861325
453:0,0,0,0,0,0,0,0,0
454:10.617472014274307,10.605704088503998,10.675691903616835,22.484064095550142,10.500049476554636,10.78842248866001,11.83326444056475,11.051227642190804,10.665675601468786
455:22.477685868321597,10.92537755103945,11.21257238625681,11.927407983238748,10.715826710476748,11.057266954175516,11.121824313766806,11.235843461098911,10.967910932302086
456:0,0,0,0,0,0,0,0,0
457:-1.9305637309382417,-1.467653517223975,-0.02665716296653109,-2.1738980119617195,-2.0917626038618535,13.165065840660223,-1.7366913211227712,-2.164201918927358,-2.0814190443142153
458:0,0,0,0,0,0,0,0,0
459:0,0,0,0,0,0,0,0,0
460:0,0,0,0,0,0,0,0,0
461:0,0,0,0,0,0,0,0,0
462:0,0,0,0,0,0,0,0,0
463:0,0,0,0,0,0,0,0,0
464:0,0,0,0,0,0,0,0,0
465:0,0,0,0,0,0,0,0,0
466:16.34472341952742,16.442846138345917,16.401224334634488,11.001502990620434,16.413263984827594,21.480553350193457,10.052747443228665,10.865507632379936,16.32638116830906
467:0,0,0,0,0,0,0,0,0
468:0,0,0,0,0,0,0,0,0
469:0,0,0,0,0,0,0,0,0
470:19.882481067505424,19.76544785783172,19.85008928761899,16.538016170426086,19.877690103155413,20.41184943703809,19.761985059851153,19.31972045014579,22.73438333472637
471:12.83877911364599,13.46311968151409,14.345889095120194,12.74865735995815,12.795334442930322,22.759980328808705,12.58117609028872,13.002165452522176,12.919071734994956
472:1.4071704182242035,1.2763989032936593,1.2211167340822993,1.2672804057460405,1.208048443142258,0.351253393450526,1.416867075859883,18.740893273994345,1.3153763687080697
473:7.080601348916821,6.953685600658405,5.953496196327427,7.222657395124274,12.777873330551813,6.800179977991923,13.179925939930946,21.984206231575786,13.113709185741202
474:19.815927779971503,15.762009906182577,19.854163593721438,19.314902267136226,19.74185383906326,18.145372135574917,18.613935919562937,22.759738474893044,18.170010999792193
475:0,0,0,0,0,0,0,0,0
476:0,0,0,0,0,0,0,0,0
477:0,0,0,0,0,0,0,0,0
478:11.369473092833898,11.66488635231207,11.68429624000007,13.35046637936796,11.406367524160807,11.603854915762671,22.7508135888507,11.448513572058888,11.491814978208845
479:13.44561463872664,11.50520961503131,12.088783865992347,22.78924120224653,11.792175513148267,11.670422437775509,11.84021038060422,11.799892514295381,11.850625317476872
480:0,0,0,0,0,0,0,0,0
481:0,0,0,0,0,0,0,0,0
482:-4.13596534365762,-3.832771629275209,-3.9432886838969474,-3.9047762106758634,-3.883893109442688,11.456233422809918,-3.937770272776846,-2.2095854207044914,-0.9392700757413021
483:0,0,0,0,0,0,0,0,0
484:0,0,0,0,0,0,0,0,0
485:4.135884203219022,6.084441023812089,7.609058576185208,4.44874824788218,8.26427700762882,17.43838672506329,8.120241533654058,6.064154678955664,8.236140259407357
486:0,0,0,0,0,0,0,0,0
487:0,0,0,0,0,0,0,0,0
488:0,0,0,0,0,0,0,0,0
489:7.599861665048853,8.945631671938754,14.45696631697551,9.805081812872833,14.361380864026023,20.251620664385257,14.440857191828153,14.405966241675534,14.483193852789029
490:0,0,0,0,0,0,0,0,0
491:0,0,0,0,0,0,0,0,0
492:8.739245308836765,8.63518228710594,8.641167969508691,8.745562437351031,8.650187737333454,12.623848084661482,8.499492172544553,9.226368681625802,22.13089228515645
493:17.187236353614257,16.397257208220772,22.124912873809368,14.079229049700187,17.201125809250833,19.82706864007008,17.247434293278946,17.07750926793195,17.261839663889088
494:0,0,0,0,0,0,0,0,0
495:2.460572557041711,1.722247748849401,19.566817138270757,2.3761696061178346,2.1920654369995143,1.0991102669994592,2.0897627312013407,2.3216442757092186,2.3224974795239732
496:19.059491026302904,19.046305833858447,19.035090159120138,16.082483599594614,18.882497100871696,23.20726750035914,16.829498723911673,19.120066751935827,18.478369054348644
497:17.93851853757409,20.64352767364086,23.18567641390792,18.45901669125125,20.83239935647676,20.272745777825143,20.731980816197424,17.70667567155649,20.816214149159528
498:16.390322017736544,22.156318019340922,16.234365767896236,9.996125756252644,16.343787171243612,10.144186732429205,10.806427001166545,9.274212747745066,8.588637320462215
499:0,0,0,0,0,0,0,0,0
500:0,0,0,0,0,0,0,0,0
501:13.920293760515204,23.18547136189418,13.345102673912454,14.11972827630013,13.28244143809352,13.384594416684305,12.760180431539869,13.0387517401993,12.756188280160428
502:0,0,0,0,0,0,0,0,0
503:0,0,0,0,0,0,0,0,0
504:0,0,0,0,0,0,0,0,0
505:-3.1611971456823476,-1.6759937778399412,-0.24413573132423858,-3.021094591227306,-3.2174976604696757,13.400889219287693,-3.0807634336730914,-2.98880159574118,-3.336927278990799
506:0,0,0,0,0,0,0,0,0
507:-3.8599134032274405,-1.8729341812578162,11.451855955258768,-3.7443897626389657,-3.9776752572447904,-2.7603543772806534,-3.885005057686211,-3.9445632560602357,-3.9083887613062274
508:0,0,0,0,0,0,0,0,0
509:4.144427519627043,6.160482510115938,7.434446888442026,1.5579105437125584,8.03146328163669,17.42756146474193,8.020701998836081,6.048344465710132,8.256644493313646
510:0,0,0,0,0,0,0,0,0
511:-1.7386191673013751,0.11637837534716867,13.208740141985581,-3.8951449435774927,-2.34143937187537,0.9713976351241802,-2.2951023822377,-2.353567003902385,-2.2151376703564947
512:0,0,0,0,0,0,0,0,0
513:7.686065345528072,8.826883932189478,14.575473151570456,9.70141447257565,14.540439838122156,20.24807223870501,14.65146077254342,14.570743916272084,14.527335622504715
514:0,0,0,0,0,0,0,0,0
515:0,0,0,0,0,0,0,0,0
516:8.70751388537163,8.488408814865801,8.63414305670318,8.547846728744299,8.384081348755364,11.980748107400455,8.711328291221648,10.119356347154838,22.14432465662681
517:17.413229431736116,16.530935517535173,19.518272172463867,14.299936048484337,17.456709881876748,22.146929041131205,17.44328177862957,17.418206713206917,17.537585901947715
518:7.734430873576408,8.033064394628898,7.778643832919231,6.740305544479948,7.653537275698886,16.918987531192222,7.925712847467188,7.836368297122613,7.564264220999819
519:0,0,0,0,0,0,0,0,0
520:16.084514907343756,16.115528758939305,16.41339475147678,13.205671599909863,16.336072121461505,15.720159556920814,14.458971726057014,16.79094197762911,23.21151542031379
521:18.8514024880099,21.204391061168167,20.834799643041826,19.298043037634496,21.380745045807735,23.228957305723156,21.37063068339255,15.31024124662498,21.323442220913126
522:0,0,0,0,0,0,0,0,0
523:0,0,0,0,0,0,0,0,0
524:13.200851207792368,13.002291376234899,13.15440708039959,13.54602994258538,12.95682569267712,13.198010291266687,14.363979813357364,23.223742649534636,13.13050353816478
525:0,0,0,0,0,0,0,0,0
526:0,0,0,0,0,0,0,0,0
527:0,0,0,0,0,0,0,0,0
528:-3.7107346191649504,-3.653575967480966,-3.637093179544594,-3.6727902256655,-3.9107853337482394,-2.588832697406415,-3.5333034236940266,-1.864326664592591,12.410173557203596
529:0,0,0,0,0,0,0,0,0
530:-2.900929004209304,-2.8985226337724304,-3.0253036409642236,-3.014908870539971,-2.9899078678493014,13.317062729073537,-3.051221315522826,-1.7958419746541276,-0.12815160234160544
531:0,0,0,0,0,0,0,0,0
532:-2.2010845588609445,-2.1697851539498,-2.2270304164687347,-3.709997833743371,-2.2010178335573576,0.9018737984839296,-1.4014414662923742,0.43296426853036046,13.53991261896151
533:0,0,0,0,0,0,0,0,0
534:10.2133698863082,8.615123933327343,10.1946712839417,4.113585323636768,10.182028404217375,17.47191730597172,6.013480315230536,8.19012399089782,9.45612516821973
535:0,0,0,0,0,0,0,0,0
536:0,0,0,0,0,0,0,0,0
537:0,0,0,0,0,0,0,0,0
538:15.74242746563068,15.810823067584813,15.781685986412748,11.137063842904501,15.680862984442841,20.252585915277926,9.25127161482744,10.570457510926657,15.76135556705839
539:0,0,0,0,0,0,0,0,0
540:0,0,0,0,0,0,0,0,0
541:6.559923557871107,6.80625872703561,6.740535867076662,5.867254151687955,6.483835247461357,16.122415487524748,6.737244336250253,6.711017522386743,6.421358065780429
542:18.388532663866066,18.456839820515942,18.505378734266504,15.543440076495878,18.498016232343993,22.14868328973953,18.497160730941275,17.83615437891763,20.372430649401608
543:8.47832449168673,10.09863740970581,22.145426690551908,8.921517097676043,8.625585012616849,12.118319629589607,8.554222035241851,8.506260960500963,8.426500841741484
544:0,0,0,0,0,0,0,0,0
545:0,0,0,0,0,0,0,0,0
546:21.310032798882077,14.6716029480497,21.238448183313746,19.08775513165405,21.24033186110722,23.20163155749942,18.4996172262175,20.93752419061553,20.744919731094193
547:13.894666138165773,16.143006744029716,23.212151608078727,12.943856554705913,15.80429770638937,14.85151169837157,15.706121414086052,15.561937386268673,15.469144211638481
548:0,0,0,0,0,0,0,0,0
549:0,0,0,0,0,0,0,0,0
550:0,0,0,0,0,0,0,0,0
551:14.198816485801629,23.219784566167913,12.908581848379214,13.535989220877306,12.684510724467136,12.853889929274825,12.62210290794133,12.950330604763074,13.015898255839822
552:0,0,0,0,0,0,0,0,0
553:-3.981676853286757,-2.2696428990074002,-0.7577576522457651,-3.89211741903495,-3.6602428270531235,12.409229427212972,-3.76988754592077,-3.8811137124547788,-3.9739239265792827
554:0,0,0,0,0,0,0,0,0
555:0,0,0,0,0,0,0,0,0
556:0,0,0,0,0,0,0,0,0
557:0,0,0,0,0,0,0,0,0
558:10.172224747359131,8.846940281176298,10.252250418657708,6.449073231601997,10.32324481676763,17.461595106857715,6.061845646609897,8.112976401289288,9.607864052223157
559:0,0,0,0,0,0,0,0,0
560:0,0,0,0,0,0,0,0,0
561:0,0,0,0,0,0,0,0,0
562:15.717000860253316,15.767024316594231,15.843128196146198,11.201408571659423,15.731852709733028,20.255347515617014,9.148071116248634,10.57808295846121,15.837447080802749
563:0,0,0,0,0,0,0,0,0
564:2.3466959233027267,1.818862102458029,2.064604630602972,2.05381583752704,1.9627539640870626,0.952664116830277,2.0006032642254015,1.4404048963021663,19.391974620629682
565:0,0,0,0,0,0,0,0,0
566:18.44805128992503,18.51235872436672,18.579556735955897,15.454930925553626,18.514754580090177,22.144676751641153,18.57112512862771,17.511672714426116,20.443375822221892
567:8.566718642820739,10.053625179291998,12.703096491157787,8.142173711424181,8.096250364986963,22.101850272459753,8.3681791543556,8.358900052378765,8.270544810826607
568:0,0,0,0,0,0,0,0,0
569:7.885506704896835,6.576667033226572,5.965496619247056,7.330865629117697,14.308278297505963,7.418332037612237,14.27171062953275,22.153330541982264,14.08520227574215
570:21.18244788101568,18.153854156550143,21.223193758112593,19.136963724467584,21.201736469607436,20.7303314356778,18.34046351763999,20.97202870911257,23.233824717064063
571:14.859385525958555,17.198209129218856,16.36062892174798,13.406546631200719,16.7942242452473,23.183220478295958,16.670121685075,16.721777109334123,16.948306117538824
572:0,0,0,0,0,0,0,0,0
573:0,0,0,0,0,0,0,0,0
574:12.786548394216712,12.780836244208809,12.839099991840477,14.002803146095633,12.92869033184776,12.518287187842216,13.606914259944382,23.224293797589134,12.881222219670455
575:0,0,0,0,0,0,0,0,0
576:9.849503045017903,9.758475983120993,9.690714809959365,9.73125342765775,9.666066794060484,11.101715023873263,9.69331782548063,9.720895781720692,15.011883470690973
577:10.589152569201543,9.83825522756138,11.153140367045795,10.553576605351449,10.62821239167964,15.795929994238668,10.632919817087178,10.639088690563675,10.57633063169603
578:10.05347608646054,9.954277630719798,9.985440251083597,10.026636726536932,10.061931319951984,15.246731192009637,9.92941196354571,9.405910365915972,10.913993482859146
579:9.141620523400078,9.179890373576775,14.386819249399101,9.068976689576393,9.129019190597928,11.054599332664676,9.122458574118042,9.135670833816842,9.102409871012542
580:11.367619075280615,11.442590126399981,11.481122718849077,10.139705307352697,11.477223851621417,12.301916715528632,10.010652765594065,13.910179915952407,15.668674578787742
581:11.377171023209836,12.616533698038861,13.306180524140974,11.800078038460502,14.353585289815289,14.686830996169657,14.421185402164365,16.315635914555646,14.445485700668135
582:13.530419973916251,15.23884620423786,13.523629205573275,11.137285314711383,13.545683434922703,15.312074468257565,10.610795122720837,12.578037584811929,13.398256367790404
583:9.401784712868386,13.337185375582013,15.35945810204904,9.542066093589671,11.359362792461432,12.285125697087091,11.41481548818505,11.434610190720521,11.427918051133148
584:12.420377422302428,12.501023017096099,12.397077455875682,11.856758174962664,12.430131204539682,12.433539070285626,14.068973772859174,15.806044946789381,12.394965214520205
585:13.268570837075321,13.780093840887364,14.664971669442346,16.513912963907632,14.668197852819606,14.498661382104535,14.633946205333874,14.663236834952825,14.66010294196429
586:14.49688814251246,14.494632375826846,14.457170962817175,13.974649662240656,14.514680099562195,16.133169170839352,12.564314915043113,13.403441416436118,14.427437585791592
587:13.52868758991257,15.593598432516492,12.569078860568661,11.819330270943786,12.588872448367473,12.57805187470553,12.570208480685606,12.629329490755024,12.579188985955591
588:12.655093743451763,12.583753864683237,12.527788888578756,12.576003834935687,12.543829932593807,11.856920693428489,12.579170824716622,15.46003492703556,13.532195460534185
589:14.457101436922054,13.361275506493472,12.541525093127,16.098806117073792,14.446391083707471,14.00621791554804,14.468857533184345,14.477243871090641,14.42409558603824
590:14.68493020149995,14.626232931675476,14.667984904389858,14.49611514991294,14.655689132595908,16.43248305797936,14.659797897670078,13.695017717106058,13.236084617970214
591:12.381709631471201,15.74915090954324,14.00204422253294,12.39612016695948,12.416986979963228,11.69824426241798,12.407031779935366,12.395339638784579,12.368826257630685
592:11.433767377712734,11.437017177705142,11.570550950634686,12.368704410392173,11.498377387567638,9.551176523814489,15.334893575281852,13.253619413805941,9.408126857867673
593:13.36181020251422,12.587887057048235,10.607277648579723,15.317990851404494,13.51050694767428,11.057056766764752,13.416404852073908,15.255999795601129,13.48602938682006
594:14.348094434202732,16.38182683716973,14.395841240078637,14.715692199412192,14.43030909826899,11.838646066540262,13.220360296372244,12.614350708770544,11.312658372500259
595:15.66723406441398,13.840753347551505,9.999495358214707,12.194035581399268,11.493835266132521,10.168448093927426,11.527392898546875,11.412063970244493,11.465674688452472
596:9.106548482351835,9.22276525092313,9.17212257402866,11.087458818316176,9.179167855146732,9.237027337187332,14.349239226695436,9.168870380411443,9.188683110594212
597:10.942371203389428,9.34424437956914,10.127460040795667,15.312353690549736,10.123306334717691,10.121853369548012,10.049077860488618,10.04023618033593,10.058051762994948
598:10.58033886552761,10.609329902402745,10.566315794298417,15.924263567147753,10.55169408250483,10.646847822668809,11.20548922915935,9.917591068280954,10.552312629720975
599:14.966908264183717,9.61107283345994,9.741968714633456,11.157373016889649,9.679101835368055,9.653887075059673,9.718537623492836,9.662480900028536,9.80941347792974
